Case #1:
472826.35449517437
11059.9405965855
7811.695956223286
18313.06712306895
2.2989922920280236E8
8.64170501E8
472826.35449517437
472826.35449517437
88.28363381737297
Case #2:
239.64557162609952
10.000000000000002
1520.5457248327614
59926.56209798407
1622.5367197589703
740.9586642886711
44.77743520071981
1847.5007928032076
6582.629040048982
Case #3:
6187166.091208478
12606.688033992357
90387.21510811138
6.326277253157471E8
928486.2558598253
78429.99821286468
69505.41025256611
53190.19831241607
46813.31781712554
3.4641016151377544
Case #4:
156911.50407519707
153.88957079672423
153.88957079672423
2.2192580516163182E8
1.589590224499892E7
1278292.3507820892
1.0526354578447748E7
1.589590224499892E7
Case #5:
6849608.178930184
44885.51332922824
9.75650705E8
Case #6:
48799.39036504452
4723388.653083716
1382874.3444142418
44570.1882428154
1201012.134874466
1.2853703217787364E7
2.3813805E8
4.1621822540534675E8
258160.27740485518
3002833.1377310823
Case #7:
298201.4624612025
80012.48047481742
4876.329407626242
1563361.6812496427
79163.66445535477
70600.22346115267
132072.4341514882
174601.21508394508
Case #8:
612.5928501051902
1931.140257942308
Case #9:
1.0E9
Case #10:
70847.11162519238
494573.590387384
67603.1676989542
2.919844731042443E8
654.0378101598826
667332.1665065653
7.30571505339991E7
1.569040443761757E7
1.159058596726789E7
6.459170927258406E8
Case #11:
5724246.67532768
181.01657382681842
1.0
Case #12:
5358536.312594513
3592595.357020047
1434.6016483683165
4652.2772924837445
7553.107390092275
25367.392435959988
3560453.0749283866
9511.708651365341
33628.74002411428
8467.134930006003
Case #13:
9.0
637622.2382795985
637622.2382795985
Case #14:
27109.570265867365
185255.1093824246
37660.482698660264
24524.98736064914
451280.4002763282
272358.4132942658
44557.53152431294
419877.5840586515
Case #15:
2.8844991406148166
1355.1513421458424
141.9913979180624
4.0
3024.05934317906
2.449489742783178
349.56557922159976
Case #16:
5.0
18169.938200503657
1592.6792171563511
17698.507540669732
5.000000000000001
6006.953164901866
6797.313612032843
Case #17:
965.4023847102378
93.9785676201153
52762.59322664116
1967.468747221257
4429.930061164022
10051.314289639942
10614.787283750069
1772.3959687305944
1512.6019106931928
Case #18:
1459.014660155424
2387.318045556595
38560.01999493829
2387.318045556595
1095.718374688401
86.1539084510581
1744.5175621963492
11086.75439432118
11086.75439432118
9.0
Case #19:
46319.5553212431
8881.253802091398
15813.619631534839
7667.530777142603
1401.3361719594104
35424.53475483244
6111.502409292953
39358.76583430939
Case #20:
3.75505571E8
36522.8584262843
275727.5549840033
41682.956529053
Case #21:
231853.66908969136
1509506.9179686892
95322.27326286338
Case #22:
60093.75709672344
53474.0
2113.3382907023347
420.1285517552931
67533.0
420.1285517552931
Case #23:
57895.52424377003
882.6870160078274
20.162017308839395
634.4761618847473
56558.028761595684
4811.255525929529
341958.58340200735
72670.0
78766.33302201364
117.20969529224634
Case #24:
94.08747704093051
14625.497007757804
74639.68908697303
1008.8683308032988
47525.286259001114
56.989430686232
Case #25:
5.0471380405881757E8
6.214465011907717
515444.7431405203
31.19847481091888
99.50582863593888
6.928203230275509
1318593.5847019032
Case #26:
1.1327851975878445E7
695317.718674649
246246.51828638316
317603.4300050086
385.5359905378485
6943850.27492302
362462.1394037729
33219.31454413855
180573.70420530217
362462.1394037729
Case #27:
900.8358124458906
261.9431084923636
35.95828501478158
81.49846624323673
131.6031055517774
3216.309083768238
199855.0579019608
8.485281374238571
821.7137481895201
22099.72899060695
Case #28:
1254140.113664084
58481.0
1024289.0478401625
1024289.0478401625
1254140.113664084
1254140.113664084
588798.7537255544
588798.7537255544
1024289.0478401625
64302.27884764272
Case #29:
9.0
67007.45818190688
9.0
Case #30:
70136.59899795541
16223.193746178278
31599.47265249942
87117.10405785879
28620.390159628878
8436.893385843276
7809.6074717759575
Case #31:
25890.0
25890.0
25890.0
25890.0
25890.0
25890.0
25890.0
25890.0
25890.0
Case #32:
46489.23389360922
16682.914860402863
1950.3960712017824
4871.645987158066
5704.660810280212
3.15530706E8
Case #33:
42549.95705510275
Case #34:
6.64402754E8
7.58501389E8
7.098946483559551E8
7.098946483559551E8
6.64402754E8
7.58501389E8
7.58501389E8
6.64402754E8
Case #35:
6.324555320336759
6.324555320336759
10.0
91558.28209397553
91558.28209397553
6.324555320336759
10.0
Case #36:
2.751877245972327E7
5.243647201176895E8
2.751877245972327E7
Case #37:
4.0088354130983764E8
4.965040690546423E8
4.437047584859262E8
Case #38:
8.0
8.0
8.0
8.0
Case #39:
543.876992089362
1356.3634447072168
56961.961605970006
1041.833015566987
40.04465174017217
94.99168902363657
5.0
Case #40:
217.90177480666165
7036.623818177595
12430.467178906194
2087.549069423957
7036.623818177595
955.014877530901
Case #41:
6.0
85418.14107670571
8.10695425E8
4.0
8.10695425E8
4.0
3078.8373113272473
Case #42:
2711941.252844353
8.0083467E7
Case #43:
5.241072204421772E7
4035275.639188846
8495.657806950601
14264.349007500034
295969.18526089966
Case #44:
5614136.088198255
157922.6547655323
3817666.6904825824
Case #45:
79314.61237376125
25399.16289959179
Case #46:
7.0
Case #47:
5224.218065728685
Case #48:
56810.0
56810.0
56810.0
56810.0
56810.0
56810.0
56810.0
56810.0
56810.0
Case #49:
4.90389772E8
2824045.2805180624
2.8183851042264692E7
1222770.7040953878
6440010.418264555
1454500.8359713943
4.1499333543901384E7
3.39838228E8
6183968.22975547
479897.5879933302
Case #50:
7.955110335729496E8
2628.804970146857
3.1622776601683795
4.481404746557165
Case #51:
8.751255085870472E8
9.76543791E8
8.751255085870472E8
7.84239952E8
8.751255085870472E8
7.84239952E8
Case #52:
3.7416573867739418
2.4494897427831783
3.0
3.7416573867739418
2.0
3.7416573867739418
2.4494897427831783
3.0
7.0
Case #53:
79477.0
1.0771055E7
157062.1071122135
925230.316318591
4526.0
79477.0
157062.1071122135
925230.316318591
1.0771055E7
Case #54:
10.0
10.0
10.0
10.0
10.0
10.0
10.0
10.0
10.0
10.0
Case #55:
345714.92857178295
8103.057092428153
18981.886734334457
102935.73396794613
972.4607961249646
23842.169934132613
24281.63315203723
8103.057092428153
181966.22442089094
32009.265485224463
Case #56:
13297.0
5108245.522301604
1.8651271112995405E7
8.33105883E8
8725205.761960002
7840009.536697006
4934510.9231613455
Case #57:
5.19425398E8
1502775.642007385
7.745966692414833
354.20068234251676
1502775.642007385
22644.18668552202
1418751.7158973506
576.1874694923519
25667.12463293794
7.745966692414833
Case #58:
1.0
2.0
Case #59:
99724.0
18613.0
34868.87417167351
43083.20800497567
49494.67918258904
34868.87417167351
34868.87417167351
43083.20800497567
34868.87417167351
Case #60:
4743182.596990548
8.0
2729.2038156415897
496.94381649890664
304892.03381780337
Case #61:
1.4142135623730951
2.4494897427831783
Case #62:
32.0
32.0
32.0
32.0
32.0
32.0
32.0
32.0
32.0
Case #63:
1714412.0318492365
38896.18306654612
554.3955877068973
12877.396089765818
333.6824838075862
1833.3641253517576
777.6974392000268
489.91868704872604
175.13199728799418
4.473510537577253E8
Case #64:
3.872983346207417
2262.854090831525
Case #65:
2.5019237515639466E8
Case #66:
4.0
4.0
4.0
Case #67:
899.4361496123852
2522.164061327629
2873.198887237125
3268.187752130347
2873.198887237125
14943.451116713519
2115.319597822788
5738.040073802078
1340.035512770101
8811.893906758607
Case #68:
33432.65860920575
3.81323819E8
23236.0
33432.65860920575
Case #69:
356616.17686042556
Case #70:
524626.8822137654
1508959.1510048995
46526.49771808104
704435.3325896529
132127.58542656677
7501497.8302668
885148.9269901209
7501497.8302668
74989.3312011782
6.10989137E8
Case #71:
139.7863407591786
11795.64017333394
127.00431919507704
23156.466397099535
1573.0773354349883
127.00431919507704
3.3823034452831703E8
8.000000000000002
47203.70870681499
882115.5179030667
Case #72:
8.12229559E8
1236434.1197778292
8.13724691E8
1211808.7417445732
44736.66366639336
8.376137171212791E8
6168718.244300268
8.376137171212791E8
Case #73:
59953.331228793926
Case #74:
3133.7100066330795
324410.052506912
34645.195843712296
34645.195843712296
2682.0297172015094
21285.232867757415
194186.88639993352
5350.890612174998
2195849.7023539655
2.40714688E8
Case #75:
326.3342844182191
8.0
6334.210635018203
317.6790833529964
335.2252973747656
167.6126486873828
14047.0
Case #76:
413184.7691204746
3.011516288050902E8
8.570082221176609E8
6458925.170703791
Case #77:
7.0
7.0
7.0
7.0
7.0
7.0
7.0
7.0
Case #78:
28869.3643769022
Case #79:
1804.0515035205412
4.0
68035.73781431052
68035.73781431052
576.7841884101887
38312.75675281016
Case #80:
834.4818751776459
7.0
834.4818751776459
834.4818751776459
Case #81:
2863.7752272365005
2863.7752272365005
1008503.7487609762
60329.3092534632
3.0
5.916079783099617
27199.68838056789
31953.499365689233
1.7320508075688772
366047.8839960096
Case #82:
448.7513495510785
1.4344978352563648E7
10626.873697539126
56785.0
10626.873697539126
392010.24717121886
44994.795181011505
43045.53520586391
63286.93626803173
5959434.09743207
Case #83:
2211.005267633839
Case #84:
3937.8766247412113
71339.89995787771
217.3660507070964
1372.5004166983356
1372.5004166983356
Case #85:
317759.01782982337
39436.620815878974
366.08195803672163
46965.61256154441
1607.495434313071
4761871.046983109
90707.0
3.0
159129.51553291688
66642.13886898213
Case #86:
66127.4555234057
54940.0
383083.75228023157
27070.089028298375
75866.0
63173.765381918005
34825.59955000795
38780.92042686357
Case #87:
22167.0
78093.51765671719
210.55640574439906
31184.996416383467
351.79823763060557
872965.7237088172
3000361.392780043
82525.0
36676.31304279317
26209.518604319223
Case #88:
4.9613363869837713E8
4.29090868E8
352976.0306532481
821.2654445038128
128526.11754866733
50206.0
40262.0
437764.3869022576
354353.0083810507
550046.1819234414
Case #89:
50577.12088412441
33643.346896748684
47357.86088919135
42877.7628774891
56547.7320071264
1121150.915556552
243192.77857363215
15449.82230051701
15449.82230051701
30385.458583200918
Case #90:
1421987.9503003198
4017.604719955418
8.62171643E8
8.0
88149.0
91959.0
73295.00775761543
Case #91:
5307.43001871236
Case #92:
437888.23462657665
437888.23462657665
11661.609837410957
Case #93:
4.000000000000001
91.43892925807762
5.656854249492381
5.656854249492381
15.17931696434989
2.0
Case #94:
45.22651711592347
101.5089171713844
3286641.737818103
31.141112488464998
74711.0
2.0
71.0508573003659
773.1729749376201
114.06511701208267
3286641.737818103
Case #95:
2.0
Case #96:
7926.87334812512
395.4974265561238
2321.3819333838355
3883.9352956779326
451.60823730308556
39988.0
505.45382749335437
7926.87334812512
Case #97:
5.0836382399765545E8
5.611676979609448E8
Case #98:
47657.20788422532
1128431.4003311342
33301.0
4.42076042E8
Case #99:
172067.62186339626
35231.0
3.1622776601683795
82.8854631404084
35231.0
623.1997003194892
687.0
623.1997003194892
25491.415944017386
2023.8892393314566
Case #100:
40291.82089988394
22.851034322375753
31.922325063833224
51709.96290851503
352.1244728421723
3291.710014335202
608.6103523928143
42490.922042243335
5558.508114912551
645.4273736375102
