Case #1: 33.333333333333336 66.66666666666667
Case #2: 0.0 100.0
Case #3: 25.0 25.0 25.0 25.0
Case #4: 34.666666666666664 26.666666666666668 38.666666666666664
Case #5: 14.285714285714286 14.285714285714286 14.285714285714286 14.285714285714286 0.0 14.285714285714286 14.285714285714286 14.285714285714286
Case #6: 50.0 50.0
Case #7: 11.433172302737521 10.39797561536692 10.81205429031516 11.640211640211641 11.433172302737521 9.983896940418681 10.39797561536692 0.0 12.05429031515988 11.84725097768576
Case #8: 10.0 10.0 10.0 10.0 10.0 10.0 10.0 10.0 10.0 10.0
Case #9: 2.272727272727273 13.863636363636363 14.318181818181818 13.863636363636363 13.863636363636363 14.318181818181818 13.863636363636363 13.636363636363637
Case #10: 10.04510045100451 13.181631816318163 13.181631816318163 12.259122591225912 12.812628126281263 8.569085690856909 7.6465764657646575 10.22960229602296 12.074620746207462
Case #11: 47.27272727272727 52.72727272727273
Case #12: 0.0 25.0 25.0 25.0 25.0 0.0 0.0
Case #13: 66.66666666666667 33.333333333333336
Case #14: 9.90990990990991 9.72972972972973 10.63063063063063 9.54954954954955 11.711711711711711 9.36936936936937 9.18918918918919 12.072072072072071 9.72972972972973 8.108108108108109
Case #15: 11.111111111111112 11.111111111111112 11.111111111111112 11.111111111111112 11.111111111111112 11.111111111111112 11.111111111111112 11.111111111111112 11.111111111111112 0.0
Case #16: 0.0 19.48998178506375 17.850637522768668 5.391621129326047 10.965391621129326 9.981785063752277 8.342440801457194 19.48998178506375 7.686703096539162 0.8014571948998174
Case #17: 86.20689655172414 13.793103448275861
Case #18: 16.666666666666668 16.666666666666668 16.666666666666668 16.666666666666668 16.666666666666668 16.666666666666668
Case #19: 0.0 100.0
Case #20: 19.93355481727575 0.0 0.0 0.0 19.93355481727575 0.0 20.26578073089701 19.93355481727575 19.93355481727575
