Case #1: 844 44477770444777702083377778
Case #2: 333666 66622 2777
Case #3: 2555 555099966688777022 2777733
Case #4: 22255527777 7777073377707666 6699902555666 6640666 66555999055544455330555337777 777707666 66999097774448330255574420444833602555 55507666 66999022 2777733022 2777733022 27770844 44477770777766 666903334448883304448336025557442084426603366877799908442660929990844 44477770844 444777705554445533
Case #5: 777766 6669020555337777 77770444833602555666 6640666 6655599903666 66330844 44477770555666 664022 2777733022 277773309299909666777377770333666 66608666 666022 277773308666 66602022255527777 77770844 4447777022255527777 777703666 66330966688555308666 666022 2777022 277773308442660555444553307777338033344488833022 27777330666 6655599908666 66608443309299907777338084426603366877799909444844044483360844 444777708443307777338092999033668777999022255527777 777702555744207666 669990333666 66602226665552022 277773308666 6660333666 6660555444553307666 669990966677730333444888330666 665559990222442777 77770222442777 77770333666 666077773380844 444777703666 6633092999044483360555666 6640777766 66690929990929990222442777 77770966677730977744483302555 5550777766 66690555666 6640844 444777707666 6699902555 55507666 669990333666 6660844 44477770977744483302226665552022 2777733025557442022 2777096667773777703334448883308442660777766 66690222442777 777708666 666022 27770844330666 66555999
Case #6: 8443309444844025557442094448440555337777 77770333666 666096667773777709666885553092999022 277773302022 27777330203366877799902555 55509666777309777444833077773380844 44477770844 44477770555337777 777709666777377770844 4447777022 27777330966677737777022 27777330336687779990555666 66408666 6660966688555302555666 664044483360255574420666 6655599908666 6660333666 66608666 6660966677730222442777 77770844 44477770222442777 7777033668777999022255527777 777707777338022266655520333666 666022255527777 77770844 444777708666 6660666 66555999092999055544455330666 66555999022266655520666 66555999044483360777766 66690333666 6660555666 664
Case #7: 5554445533022266655520844266096667773022 277773302555666 66402555744209666777377770222442777 7777096668855530966677737777096668855530222442777 777703366877799902555 5550966677737777055544455330929990222442777 7777025557442044483360844 44477770777766 66690929990555666 66408666 66608666 66607666 66999096667773777707337770202555 5550555337777 777702226665552025557442033344488833020844 444777707666 6699904448336096667773022 27770555666 6640666 66555999073377703666 663303366877799909299902555 55503666 663308443303366877799903334448883308443303366877799908666 6660333666 666022 2777022255527777 7777020844 4447777096668855530966677730666 6655599902555666 6640555444553307666 66999022 27777330844 444777707666 6699903666 66330844 4447777022 277709299908443302555666 6640666 66555999022255527777 7777022 277773308666 66602555744202555666 66403666 6633
Case #8: 97774448330555666 6640844 44477770222442777 777703666 66330555337777 7777022266655520929990733777022266655520844330666 6655599902096668855530844 4447777033344488833055544455330555337777 77770666 665559990844330977744483302555 555022255527777 7777020966677730777766 666904448336055544455330966677730222442777 777707666 6699902555744209666885553044483360222442777 777708666 66602555744207777338073377704448336094448440222442777 7777094448440666 66555999077773380555666 664084426609666777309299907777338022255527777 7777022 2777092999055544455330777766 66690777733808666 6660555444553308666 666077773380333444888330333444888330777766 6669022 27770333666 66603366877799902226665552022 27777330844 44477770209666777307666 6699902044483360733777096668855530336687779990777766 666907666 669990222442777 77770336687779990222666555202555 5550844 44477770555666 6640444833602555666 6640844330777766 66690666 66555999022 27770777733803366877799907337770222666555208442660333666 66607666 6699908443308666 666055544455330666 66555999096667773777702555666 6640555337777 777709666777307337770966677737777073377707777338
Case #9: 929990222666555203666 66330555337777 7777022255527777 77770207666 66999022255527777 7777084433033668777999094448440944484403366877799908666 666044483360555444553308666 6660777766 66690222442777 7777
Case #10: 844266092999022266655520222442777 7777092999044483360222666555209666777377770966677730222442777 77770222442777 7777073377702097774448330777766 6669084426602555744202226665552084426603666 66330555337777 7777096667773022255527777 777708666 6660844330666 6655599903666 66330733777096667773777709444844022255527777 77770222442777 77770555444553307666 66999020333666 66607666 6699908442660336687779990929990844 444777707666 66999092999022 27777330929990844266077773380777766 666909666885553097774448330929990333666 666097774448330777766 666908666 6660555444553302555744208443307777338097774448330336687779990666 6655599909666885553097774448330777766 66690666 665559990929990336687779990555337777 7777022 2777733096668855530844 4447777022 277707666 669990333444888330222442777 777703366877799907666 6699909299908442660966677730733777044483360777733809444844022255527777 777703666 663307337770333444888330555666 6640666 6655599909666777377770202555 5550333444888330666 66555999033668777999022 27770733777022255527777 77770555444553302033668777999022 27770666 6655599904448336022255527777 777705554445533084433094448440555337777 777708442660222666555209444844022 27770966677730333666 66603366877799902555 55503366877799902555 5550555666 6640966688555302555666 6640844 44477770666 6655599909666777308666 666097774448330333666 6660444833607666 6699908666 6660555666 66403666 66330222442777 7777
Case #11: 84426607337770336687779990844266022 2777084426602555666 66402555744202022255527777 77770929990333666 666022255527777 7777044483360207666 6699907337770966677737777
Case #12: 3666 6633094448440333666 666033344488833022255527777 777709666777377770966677730555666 66404448336084433022255527777 777703366877799903666 6633084426608666 6660222442777 7777022 2777020666 6655599908666 666022 27777330844 4447777022255527777 77770555666 6640555666 6640555666 6640336687779990333666 66603334448883307337770444833603334448883304448336022 27770844 4447777033668777999044483360555666 6640733777097774448330555337777 777702555666 66409777444833055544455330777766 66690844 44477770222442777 777707666 6699902226665552033344488833096667773084433022 27777330844 444777703666 663308666 6660966688555309666777377770844 444777703334448883308442660929990333666 66602555 5550444833607337770222442777 77770222442777 777708442660209777444833055544455330255574420555666 66405554445533073377709666885553022 2777733055544455330944484403366877799903666 6633084426607666 669990222442777 7777073377702555 5550555666 66402226665552044483360209666885553022 27770555337777 777702555666 66402096667773777703366877799903666 663303666 66330844330333666 6660844 44477770555444553303334448883307666 6699908666 66609444844022266655520222666555202555 5550844330336687779990844266077773380777766 66690555337777 77770666 6655599909666885553022255527777 77770222666555209666777377770844 4447777033344488833025557442022255527777 777702033344488833033668777999033668777999096667773022 27777330555666 66403666 66330844 44477770555666 66409666885553084426602555 55502555666 664084433022 277707666 6699904448336073377702555666 66402555 5550666 66555999022 27777330255574420666 66555999020844266092999
Case #13: 96668855530203334448883307777338025557442022 27770222442777 7777096667773777702555666 6640966688555308666 666092999044483360202555666 664022266655520555337777 77770336687779990555337777 77770966677730555337777 777703334448883303334448883303666 663302555 55502555666 664020929990929990777766 66690333444888330777766 666909666777307666 669990222442777 777708666 66607666 669990844 44477770336687779990844266096667773777707777338044483360777766 666902555666 6640555666 66402555666 6640222442777 77770333444888330777766 66690333444888330966677730929990222442777 777708443302555666 6640929990977744483308442660336687779990777766 666908442660977744483302022 2777733022255527777 77770222666555208443309299902555 5550966688555302555 55502555 5550209299907337770966677737777022266655520555337777 77770666 6655599909777444833022255527777 7777022255527777 7777077773380929990555666 66408666 6660555444553302555666 664096668855530944484402094448440444833603334448883307666 669990333666 666077773380666 665559990333666 6660666 66555999022255527777 777707337770666 66555999096667773777709444844022255527777 777708666 666077773380777766 6669020966677737777022255527777 777708666 66607777338094448440555666 66403666 6633097774448330733777
Case #14: 8666 666096667773092999022255527777 77770555337777 77770255574420555666 664022 277709444844022255527777 7777022 277773302555 5550666 665559990336687779990733777092999022255527777 777703666 663308443307666 6699907666 66999094448440844 444777703334448883307666 66999092999022255527777 77770333666 666044483360255574420666 665559990844 4447777055544455330222442777 777702555 555097774448330222442777 777703666 6633022 277773302555744202555 5550844 44477770777733803366877799909666777308666 6660222442777 77770222442777 777702555 55502555666 66407777338084433094448440444833608666 666096667773033344488833033344488833022 27777330555666 664096668855530209666885553044483360555444553302555666 6640733777
Case #15: 3666 6633022266655520844 444777702555666 66408666 6660222666555203334448883302555666 66409299909666777377770222442777 77770555666 6640966677730336687779990777766 66690977744483309666777377770555337777 77770333666 6660733777094448440333666 66602555744209666777377770929990666 6655599907777338096668855530666 6655599904448336096668855530777766 6669020666 6655599902094448440966677730555337777 77770222442777 77770222442777 777702084433022 277773304448336044483360555337777 77770333666 6660555444553309666777377770733777020777766 6669096667773097774448330205554445533022 277773308443303334448883309666885553096668855530333666 66608443309777444833022 27777330844330733777096667773777709777444833096667773777702555744203666 663303666 663309444844
Case #16: 222442777 77770666 665559990844 4447777084433022266655520336687779990966688555307666 66999096667773094448440555666 6640209666777302555744203666 6633096667773777707337770336687779990777766 666907666 6699909666885553077773380333444888330844 444777704448336022266655520966677737777073377708442660977744483302092999022 27770333666 66604448336077773380333666 6660777766 666903334448883302555666 6640844266022 277709299907666 66999084426607666 669990944484402226665552096667773777709777444833096667773777702555 555077773380444833602555744208666 6660555666 66408442660222442777 77770844 4447777097774448330222442777 777708443302555 5550555337777 7777022 27770844330555337777 777708442660777766 666902022 2777077773380666 6655599909299903366877799908666 6660966677737777033344488833
Case #17: 844 444777708666 66607666 6699908443302096668855530844 4447777022255527777 77770333666 666022255527777 7777022255527777 77770777733808666 666022255527777 777709666777377770733777044483360555444553303666 663304448336022255527777 777703666 66330777766 66690255574420666 66555999077773380777733803666 6633022255527777 777703666 6633096667773777703366877799909666885553033344488833020977744483302555666 66403334448883302073377702555666 664096668855530444833607337770555666 664022 277773309666777303666 6633022 27777330555444553302555 555022255527777 777709666777377770777733803666 6633084426607666 6699907666 669990666 665559990844 44477770555337777 777702555 55509299903666 663304448336096668855530202555 55502555744208666 66603666 6633096668855530844330555666 6640209444844022266655520555337777 77770844 4447777033668777999044483360966677737777094448440333666 6660333444888330555444553309777444833022 2777096667773777707666 669990555666 66407666 66999033344488833092999
Case #18: 2555744207666 6699902555666 66409666885553022 2777022 27770555666 6640844330555337777 7777022266655520555337777 7777077773380666 6655599907337770207666 6699902555 55509666777309299908442660555337777 777707666 6699907777338022 27777330977744483303666 663302096667773777707666 66999022 277709444844022255527777 77770666 665559990966677730844 44477770844 44477770777733807666 66999055544455330844330333666 666022 27770777766 66690966677730222442777 77770977744483307777338022255527777 77770222442777 777702555 5550555337777 7777
Case #19: 222666555203666 663309444844022255527777 7777022 27770444833608666 66609299907777338094448440666 66555999020966677730444833608666 6660777733807777338020666 6655599903334448883308666 6660222442777 77770555666 6640777766 66690336687779990555337777 777702096667773777703666 66330333666 6660666 66555999044483360333666 66609666777302555744209666885553096667773022255527777 77770777733802555 55502555 5550333666 66607666 669990666 6655599902555 5550208666 6660336687779990666 665559990333666 666022255527777 777703666 66330203666 66330666 665559990555666 66402555666 6640666 665559990222442777 777703334448883307666 66999022 2777022 2777733033344488833073377708666 66602022255527777 777702226665552094448440555337777 777707666 669990977744483303666 66330844266022 2777733022 2777733096667773777702555666 66408666 6660666 665559990733777
Case #20: 555337777 77770666 6655599902555 555097774448330844266022266655520222666555203666 663304448336094448440844 44477770966688555309666777308666 6660844330666 6655599902555666 6640733777022255527777 777707666 66999022255527777 77770255574420666 665559990844 44477770336687779990777766 66690844330777766 6669096668855530444833603666 663303334448883308442660777733808666 666
Case #21: 73377702555 555096667773777707337770555666 66402555744207337770929990209666885553022 2777092999044483360666 66555999022 27770844 44477770966677730666 665559990844 444777708442660555444553308666 66602226665552022 27770255574420555337777 7777096667773084426607337770929990555337777 777707666 66999084426602555666 664055544455330555666 664
Case #22: 333444888330666 665559990777766 66690333666 666020966677730929990222442777 77770222442777 777707666 669990333666 666022 2777
Case #23: 5554445533077773380555444553302226665552084433094448440966677730333444888330333666 66603666 66330444833609444844044483360777733809777444833073377708666 6660929990333666 66609777444833022255527777 77770666 66555999077773380977744483302555666 6640444833607666 6699902555744203666 66330777766 6669055544455330777766 66690555666 6640222442777 77770336687779990555337777 777702555 55507337770777766 6669096668855530222666555209299902555666 664084433022 2777022 27777330777733809666777377770966677730222442777 777707666 669990733777022255527777 777707777338084426602226665552020555666 66408442660666 66555999033344488833
Case #24: 8443303366877799905554445533055544455330555666 6640555337777 77770203666 663302555666 66402226665552097774448330555666 664044483360777766 66690555666 6640555337777 77770555666 66402555 55502555744208443302555666 6640929990555666 66407666 6699909666777302555744207777338022255527777 777709299902096667773777703666 663308442660555337777 77770777766 666902022 2777084433084433055544455330777733805554445533022255527777 7777092999020255574420555337777 777709444844097774448330844 44477770777766 66690844 4447777092999092999022255527777 777702226665552022 2777733022266655520555444553307777338094448440555337777 777702555744202555 55509666885553097774448330333444888330844 444777709666885553022 27770944484402022255527777 77770844 444777707666 66999022 27777330222442777 7777055544455330666 6655599902555 555097774448330777766 666909666885553092999022255527777 77770966677737777073377708442660333444888330966688555303666 66330333666 66602555666 66408666 66603666 66330966677730777766 666902555666 664096668855530336687779990333666 6660733777094448440336687779990222666555209444844044483360222666555205554445533022255527777 7777033668777999084433055544455330844 44477770333666 66602555 555022266655520333666 6660666 665559990929990929990966688555309444844033668777999097774448330777766 66690777766 6669084426607337770555337777 77770255574420555444553309666777377770333666 66602226665552097774448330844266097774448330777766 66690555666 6640666 66555999020555337777 777708666 6660844330555444553302555744207337770966677737777044483360977744483307777338092999077773380555337777 7777
Case #25: 555666 6640333444888330944484408443302555 5550929990977744483303366877799902555 5550222666555202
Case #26: 844 44477770844 444777707337770222442777 7777055544455330255574420666 6655599902555666 66409666885553025557442022 27777330555666 664022 27770844266096667773033668777999022255527777 777702555666 66408443302555666 6640844 44477770222442777 7777094448440777733809299908666 666020929990255574420777766 6669084426609299908442660555666 664022 277702022 27777330844 44477770333666 666022 2777096667773094448440844266022255527777 7777033344488833097774448330844266096668855530844 4447777084433022 2777733020333666 66602555 555
Case #27: 8442660555337777 77770333666 6660844330555337777 777702555 5550666 66555999096668855530777766 66690333444888330777766 666903334448883302555 5550555666 66403334448883302555 55509666777377770844266022 27770844266094448440222442777 777702555744207777338020255574420844 444777702555744208666 6660844 44477770222442777 7777025557442022255527777 7777022255527777 777707777338022255527777 777702555666 6640929990929990333666 6660844330555337777 777703666 6633097774448330203334448883302555666 6640666 665559990977744483308443308443308442660222442777 777702555744207777338022266655520844 444777709444844055544455330555666 66409666885553022255527777 777708442660555666 664022 277773302555666 6640222442777 77770333444888330444833603366877799909777444833
Case #28: 22 27777330966677737777022 27770666 66555999073377702555744204448336096667773022 27777330555337777 77770555337777 7777033344488833096668855530966688555308442660844 444777702555666 6640777766 6669022 27777330966677737777097774448330844 44477770555337777 77770255574420333666 666094448440333666 6660555444553302555666 664020977744483309777444833022 277773302555666 6640844 4447777033344488833022255527777 777709666777377770555666 664022 27770844 4447777022 277702555 5550666 665559990555337777 7777022255527777 777702555666 664022 277773302555744203366877799905554445533022 277708666 6660222442777 77770666 6655599908666 666094448440555337777 77770844 44477770777766 66690555337777 77770555337777 77770444833609299909444844022255527777 7777033668777999044483360777766 66690336687779990777766 666909666777307337770444833602555 55508442660333666 66607666 669990977744483309666777304448336022 2777733
Case #29: 944484403366877799908666 66602555 55509666777377770555666 664022 2777022255527777 77770977744483302555666 6640555666 664022255527777 7777
Case #30: 2555744208666 666022 27770777766 666908666 666084426602226665552022 277773309666885553077773380555666 6640255574420966688555309777444833084433022 277703666 66330944484403666 663303666 66330777766 666902555 5550966677737777092999022255527777 77770777733802555 55507337770336687779990222442777 7777077773380966677730666 6655599903666 66330555337777 77770333666 66602555666 66402555 55508666 6660666 665559990666 66555999022255527777 77770844266044483360929990966677730555337777 77770777766 6669022255527777 7777084426602555666 66402555 5550255574420666 665559990844 444777708666 6660929990666 665559990555444553309666777302555 5550555666 66402555 55509666777303666 66330844 4447777022255527777 77770333666 6660333666 666022255527777 7777022 2777733022 277702555666 664092999022 27770555337777 77770222442777 77770333666 666022 277773302555 55508666 66604448336073377703666 6633092999022255527777 777709666777377770255574420966677730333666 666094448440844 444777707337770844 4447777077773380777733803366877799908443302084426604448336
Case #31: 844330966688555309666885553096667773084433022255527777 77770555337777 77770977744483309299904448336096668855530555666 6640333444888330666 66555999
Case #32: 97774448330555444553303666 6633022 27777330555666 6640844330929990944484408666 666025557442094448440555337777 777707337770929990555337777 7777022255527777 777702226665552094448440204448336096668855530333666 66602555 55509666777377770336687779990255574420966677737777022255527777 7777096667773033344488833025557442022 27777330944484402555 55509666777377770336687779990777766 6669096668855530966677737777022255527777 77770555666 664073377702555666 66407337770336687779990333666 66609299902555666 6640222666555209299905554445533097774448330777766 6669020255574420222666555207337770966677737777022 2777733044483360666 66555999094448440555337777 77770666 665559990555666 6640977744483305554445533084426603334448883307337770255574420555666 66408666 6660444833609299903666 6633096667773096667773777702555 5550966677737777022 2777733084426603366877799903666 66330977744483309666777377770255574420666 66555999096667773084426602555666 6640222666555209777444833094448440333666 6660222666555207666 6699902555 55509299909666885553022255527777 77770555444553307666 669990966688555303334448883308442660255574420555666 6640222666555207666 6699902555 555022255527777 777702555666 6640336687779990844330222442777 77770666 6655599903666 6633096667773022255527777 777702555 5550666 6655599903366877799903666 6633022 277703666 66330222666555202555 5550255574420966688555307666 669990777766 666909299909444844022255527777 77770733777096668855530944484407666 66999033344488833022 2777
Case #33: 22 2777733096668855530255574420333666 666022 2777022 277773308442660555666 664022 27777330222442777 7777022255527777 7777044483360966677730777733807666 6699908443309777444833022 277773302226665552055544455330844 44477770777766 666908666 666077773380333444888330844 44477770555666 664022 277709777444833020222442777 777703666 66330333666 6660555666 664033344488833
Case #34: 44483360333666 66602226665552094448440555666 664022255527777 777709666777377770844 44477770977744483307777338
Case #35: 844266022266655520222442777 77770222666555203666 663303666 6633022 277702555744203666 66330777733809777444833022 27777330555666 66402555 55509666777377770336687779990255574420255574420966677730555337777 777705554445533055544455330555444553307337770777766 66690336687779990222442777 77770966677730555337777 77770555444553302555 5550333444888330733777096667773777709666777302555666 6640844 444777709666777302555 5550777733803334448883309777444833073377707337770944484403366877799902226665552073377703666 6633022 277709666777303666 6633022255527777 77770555666 6640844 4447777044483360555666 66408443308666 6660944484409299903366877799904448336055544455330666 66555999022266655520966677730222442777 77770944484402022 277708666 6660944484407666 66999094448440966688555309666777308666 6660222666555208666 66605554445533020844330966688555307666 66999097774448330333666 6660733777097774448330844266044483360844330844 44477770733777055544455330555444553308442660333444888330777733807777338
Case #36: 336687779990929990977744483302555666 66402555 555084433033344488833022 27770944484402555666 6640666 665559990777766 666905554445533096667773022266655520209299903666 6633033344488833020844330222442777 777707337770777733808442660555666 664033668777999033344488833022255527777 77770777766 666908442660733777096667773777707337770666 665559990666 665559990844330977744483308442660966677737777044483360209666777377770555444553302555666 66402555666 664096667773094448440777733808442660333666 6660777766 66690966688555303666 66330844 4447777022255527777 77770777766 666902555666 66403666 6633022 2777022 27770333666 666096667773777702555744207777338097774448330555337777 7777092999022266655520777766 66690333666 66607777338022 277773302555666 66409444844097774448330333666 6660666 665559990929990777766 66690333444888330222666555209777444833022 2777
Case #37: 92999092999025557442044483360333666 6660333666 666
Case #38: 9299909444844094448440777766 666902555666 66402020777766 666907666 6699908666 666022 277773302555666 664077773380555444553307666 669990255574420666 6655599903366877799909444844025557442022255527777 7777022255527777 7777025557442092999044483360777766 66690966677737777092999096668855530844 444777703334448883309777444833044483360844 4447777022 277703666 663307666 669990966677730966677737777020222442777 7777092999020929990666 6655599909666777377770555337777 777704448336055544455330777766 66690333666 666097774448330944484403666 66330844 44477770444833609777444833022 277773302555 5550222666555209299907666 66999022 2777733096668855530844330333666 6660222442777 77770333444888330222666555207666 6699908666 6660966677737777
Case #39: 336687779990666 66555999025557442
Case #40: 8443307666 66999022255527777 777708666 6660966677730966688555302555 55508443308666 666077773380222666555208442660844 44477770333666 666025557442094448440929990966688555309666777377770844 444777702555744207666 6699903666 6633022255527777 7777022255527777 77770333666 6660929990844 444777709666885553022 27777330444833609299909666777309777444833022 27777330844266022255527777 77770777766 666902226665552022266655520333666 6660777766 6669022 27777330208666 666077773380966677730555666 6640333444888330977744483303666 6633020202555666 6640255574420966688555307666 66999096668855530222442777 77770929990555337777 77770666 66555999022266655520222666555209666777377770555337777 7777096667773777703334448883309777444833
Case #41: 96667773022 27777330966677730844 444777704448336094448440444833603666 66330222442777 7777022 27777330333666 6660966677737777084433044483360733777096667773777709666777377770255574420733777022 2777733022255527777 777708666 66602555744208666 66608443303366877799908666 666033668777999055544455330733777025557442
Case #42: 844330333444888330207666 6699907337770333666 6660336687779990555666 6640777766 66690202555 5550333666 66602555 5550666 6655599909777444833096668855530844 444777708443304448336044483360844 4447777084433025557442055544455330777766 666908443302555 555055544455330666 665559990555666 66408666 66608666 6660966677737777084433022 2777733022 27770555666 664022255527777 77770333666 6660555666 6640733777077773380208442660844 44477770336687779990844330333666 6660777766 666908442660222442777 777702555 5550929990555666 6640777733802555 5550555666 6640555337777 7777022255527777 777703666 663302555666 6640844266022266655520444833607666 6699903666 6633077773380555337777 7777022 27770844 4447777084426607777338
Case #43: 333666 66609777444833022 27777330966677730777766 666902555 5550733777022 27777330844 4447777077773380336687779990844266033668777999022 2777096668855530333666 6660555337777 777708442660666 6655599902226665552022 277709666885553022 27777330555444553303334448883309444844022 2777044483360966677737777022255527777 77770555444553307666 66999022 2777733022255527777 77770444833609444844022 27777330844 44477770966688555309666777303666 6633022255527777 7777084426608666 6660555444553307337770555666 6640666 66555999097774448330777766 6669097774448330444833609299907666 66999022 27777330666 665559990333444888330929990555666 664073377708443308443309444844022 27777330844 4447777084433033344488833077773380929990777733808666 666022255527777 77770844 444777707666 66999020777766 66690733777096667773025557442022 27777330333666 666094448440929990222442777 777707666 669990844 444777708666 66609299909777444833096667773084433092999094448440944484402022266655520333666 666022255527777 777707666 669990977744483303334448883303666 6633022 27770222442777 777705554445533097774448330555337777 777707777338092999033344488833096667773084426608666 6660844 44477770203666 66330733777022 277707666 6699908666 66607777338022255527777 7777097774448330844 444777707666 6699902555 555033344488833022 277709666777377770966688555309299908666 66609666885553022255527777 77770555337777 777707666 6699902555666 6640844266044483360844266
Case #44: 555666 6640555666 6640844 4447777022266655520333444888330977744483309299908442660666 665559990444833609666777377770555337777 77770666 6655599902555 5550555337777 77770333444888330555337777 7777073377702555 55509299909444844022 2777073377709666777303366877799902555666 66403366877799907666 66999025557442096667773777709777444833096668855530255574420555666 664020944484407337770844266022255527777 77770844 44477770555666 664097774448330844330333444888330666 665559990777766 6669022 2777033344488833055544455330333444888330844330555337777 7777020555666 66408666 6660666 66555999096668855530844 444777709666777303366877799909777444833033344488833033344488833033344488833077773380929990255574420966677730222442777 7777022 27770555666 6640844266022 2777097774448330966677730333666 6660333444888330222442777 77770777733803666 66330333444888330777733808666 666055544455330555337777 77770555666 66409666885553096667773777703366877799902555 55507666 6699908666 6660555337777 777702555 55507666 6699903666 663309777444833096667773777709666777309299903666 663309666777377770777766 666908666 6660555337777 7777025557442025557442096667773022255527777 777702555666 6640777766 666907666 669990733777
Case #45: 777766 66690333444888330333666 666022255527777 777703666 6633025557442022 27770333666 6660555444553302555744203666 6633022255527777 7777022255527777 777709666885553022255527777 777709666885553022 277709444844073377707666 6699902555666 664020222442777 777703666 6633022 27770977744483308666 666022255527777 777702555666 66403366877799902555744207666 66999092999022 2777084433073377703334448883309666777307777338022255527777 77770844 444777703334448883307666 669990844 4447777094448440333444888330966677730555337777 77770844266020844330777766 666903666 66330255574420444833608666 66604448336022255527777 77770555337777 7777033344488833055544455330555666 6640333666 66609777444833055544455330666 665559990333444888330222666555207777338022255527777 777707666 669990555444553302226665552022255527777 7777025557442073377707337770666 6655599909666885553022 277773303366877799902555666 66403334448883304448336022 277703366877799904448336022255527777 77770966677730222442777 77770222442777 7777096668855530966677730333666 6660555337777 777705554445533094448440666 6655599908666 6660844 44477770222666555203666 66330555444553308666 6660333666 6660222442777 77770555666 664
Case #46: 208666 6660733777073377709666885553073377707777338077773380944484408442660777766 666909666777377770555666 66408666 66608666 6660444833602555 555073377708666 66607777338084433022255527777 7777020202022 277773308666 6660666 665559990777766 66690844 444777702555666 6640929990333666 6660977744483302555666 6640333444888330222442777 777709666777377770336687779990777733803334448883309666777308443307666 669990666 665559990222442777 77770222442777 7777033344488833
Case #47: 84426609666885553022 2777733084433094448440222442777 777707666 669990966688555302555666 66409777444833022255527777 77770222666555207666 669990966688555307337770333666 666022 27770733777022255527777 777708443302555 5550777766 6669084433097774448330966677730733777084426607777338096667773777702555666 664022255527777 77770777766 6669033668777999022266655520844330966677737777044483360844 44477770336687779990733777022255527777 777702555 555097774448330929990333666 66609666777377770555666 6640777733802226665552
Case #48: 22 277773302555 55502555666 664020733777022 277773307666 669990333666 666092999022255527777 777702555666 66403334448883308666 66602555 55507666 66999033344488833084426602555 5550733777077773380777733807666 669990222442777 7777096668855530222442777 777707337770555337777 777708442660844266044483360555666 66402555744203334448883307337770966677737777022 2777733084426607666 66999044483360844 444777707337770733777020555666 664096667773022 2777022 277702555744203666 6633097774448330222442777 77770222442777 7777020777766 66690333666 66602084433044483360255574420966677730555666 664084433096668855530844266033668777999077773380777733807666 669990929990555337777 777709777444833096667773777708442660844 44477770844 44477770333444888330777766 6669094448440844 444777709666777377770333444888330844330222442777 77770666 6655599907666 669990333444888330555666 664084426602097774448330666 66555999033668777999022 2777733092999022255527777 7777
Case #49: 966677730844266022255527777 777702226665552044483360844 44477770777766 666903666 66330929990844 44477770333666 6660555666 664084433096667773055544455330733777096667773022 27777330255574420555666 6640777733805554445533096668855530966677737777096667773022 277702226665552022 27777330733777
Case #50: 22 277773308442660944484408666 66607777338022 2777094448440555666 6640555444553304448336022 277705554445533022255527777 77770555666 664084426602555744202555666 664033344488833044483360977744483307337770733777022 27770555666 66409666777377770555337777 777703666 663302226665552092999022266655520844 4447777022 27770777733802555 5550555337777 777708666 66607777338033668777999022 277773303366877799903666 66330777766 666902555 555022 277773307666 669990222442777 777703366877799905554445533084426608666 666097774448330666 6655599908666 66607666 6699908443302555 55508442660555666 66403666 66330222442777 77770666 665559990555337777 7777022 277702555 555022 27777330333666 66603366877799902555 5550222442777 7777096668855530555337777 77770944484407666 669990333666 6660555337777 777702084426602555 555025557442022 27770966677730844 4447777022 27777330203666 66330777733807777338055544455330844330966677737777055544455330336687779990555337777 77770944484402555 5550333666 6660255574420555444553309666885553077773380555337777 77770777766 6669
Case #51: 444833603366877799907337770333666 66603334448883305554445533096667773084433022 277708666 6660977744483309666777377770666 6655599903366877799907666 669990666 6655599904448336077773380444833609777444833084433073377703366877799907666 669990977744483303666 66330977744483307666 6699903334448883308666 6660336687779990966688555302226665552096668855530777733802055544455330222442777 7777022255527777 77770333666 6660666 66555999022 277709777444833022266655520844 444777702555 555020929990844 444777703366877799907666 669990333666 66607337770844266094448440966677730666 66555999022 27777330333444888330777766 6669097774448330333666 666096667773777705554445533020966688555302555666 66407666 6699905554445533044483360777766 666907777338022 27770777733803334448883309299907666 66999022 277773309444844022 277702077773380333666 6660844266033668777999022 2777022 2777022 2777025557442022 277709777444833096668855530777733803366877799907666 669990777766 66690333444888330333666 666
Case #52: 966688555309777444833055544455330555666 664022255527777 77770333666 666022 277773309299905554445533084426605554445533084426609666777303666 663302555744207337770444833602555666 6640555337777 777708443307666 6699903666 663302226665552022255527777 777708666 6660333666 6660208443302555 5550844330336687779990929990222442777 777708442660333666 6660966677737777096667773073377703666 66330777766 66690666 66555999022 27770333444888330333666 6660444833609666777377770333666 66608666 666096667773096667773073377702044483360929990555337777 77770333666 666044483360555337777 77770333666 66609666777377770555337777 77770777733807666 6699908666 66602555744208666 6660336687779990844 44477770844 444777708666 66609299908443304448336022 2777733022 277707777338092999033344488833096668855530555666 66408442660777766 666909666777309666777377770844330333666 666020555337777 77770666 665559990555666 66402555 555022266655520222442777 77770844 4447777044483360844266022 277773307777338022255527777 77770777766 66690555666 664084433025557442033344488833
Case #53: 22 2777733096668855530333666 666025557442097774448330777733802555666 66403666 66330666 665559990977744483308443302555 55503334448883302555666 664096667773777708443302555 555033668777999077773380333666 66602226665552022255527777 7777044483360777766 66690222442777 77770977744483307666 66999073377703366877799909666777377770222442777 77770977744483308442660333666 66607777338096667773777707666 669990255574420555666 66407666 669990222442777 77770555337777 7777022266655520966677730333444888330966677737777022 27770844330844 44477770777733802555 555020777766 6669022255527777 7777092999022 27770333444888330666 66555999022 27777330222666555202555 5550844266
Case #54: 22255527777 77770202555 555096667773777703666 663309299902555 55502555666 664022255527777 77770844266096667773777707666 66999022 27770966677730555337777 77770777766 666902022 277708443308443308666 66603666 663308666 66608666 666044483360333666 66602226665552073377709666777377770555666 664022255527777 77770255574420333666 666073377705554445533077773380733777022 2777733096668855530555666 6640966688555307666 6699903334448883309666885553097774448330333444888330333666 666077773380929990844330333666 6660666 66555999084433022 27770336687779990555666 66402555 5550204448336022 277705554445533055544455330222442777 77770977744483307666 669990929990944484408666 666096667773022255527777 777702226665552077773380333666 66609777444833022 277773303666 6633
Case #55: 255574420255574420844266094448440555337777 7777022 277708442660222442777 7777022 27770555666 6640777766 666909777444833044483360844330222442777 77770929990944484407337770777766 66690333666 666097774448330555337777 77770555337777 777702555 55508666 666084426602555 5550733777096668855530966688555308666 6660777766 66690844330966688555307337770222666555203666 66330333666 66607666 669990777766 66690336687779990555666 6640555666 6640844 444777702555666 66402555 5550977744483309666885553
Case #56: 22255527777 7777022255527777 777707777338022266655520844 444777707666 66999022266655520555666 6640929990555444553302555666 66407666 6699907777338022 277702555744207666 669990333666 6660666 66555999033344488833
Case #57: 222442777 777702555666 66409299907666 669990844 4447777096668855530844330929990555337777 77770222442777 77770555666 664084426602555666 6640666 665559990222442777 777702555 5550944484408666 66603666 66330777766 66690333666 66602555 55503334448883307666 669990844266094448440333666 6660555666 6640966677730844330222442777 777707666 66999094448440929990777766 66690333666 666055544455330555337777 7777022255527777 77770222442777 77770977744483305554445533022 27770777766 66690844 44477770202555744202555 5550777733809666885553022 277773302022255527777 777709444844097774448330255574420944484402555 555044483360555337777 77770222666555209444844022266655520777766 6669084426602555666 6640222442777 7777020844 444777702555666 664097774448330844330777766 666902
Case #58: 222442777 77770844 444777702094448440222666555203334448883303666 663302555666 66403334448883302555744209666777377770844 44477770222442777 7777022255527777 777709777444833096668855530555666 6640222442777 7777022266655520666 665559990929990777733807666 66999055544455330336687779990733777073377708442660555337777 777707337770222442777 7777022255527777 77770222442777 77770333666 66602555666 6640333666 666094448440555337777 77770844 444777702226665552084433025557442084433084433092999096668855530977744483305554445533073377707337770929990929990777766 6669097774448330844 44477770844 444777702555 55507666 6699907666 669990444833603666 6633033668777999022 27770844 444777702226665552073377708442660966677730255574420844330944484407337770222442777 77770844266022 27770555666 664097774448330844 44477770844266096667773777709666777302077773380929990844 44477770222442777 7777073377703334448883302555666 6640333666 6660844 44477770333666 666084433055544455330966688555302097774448330844 444777702022255527777 77770444833607666 66999020333666 6660777766 666908666 66602555 5550555444553308442660555666 66407666 669990666 66555999084426609666777377770222666555209299908666 6660207666 66999084433
Case #59: 7337770844 444777704448336092999022 277773308443308666 66602555744209666777307666 66999033344488833025557442092999022255527777 777708666 66602555666 66407666 66999096668855530966677737777073377703366877799903666 663309299902055544455330555666 6640966677730944484402022 27777330202555 55508666 6660666 6655599902022255527777 77770333444888330222666555209299902555 5550444833604448336094448440222666555202555 555022255527777 77770444833603334448883302073377703666 66330555666 66403334448883302555 55505554445533084433097774448330929990222442777 77770222442777 7777022 2777022255527777 77770444833602073377707666 66999092999022 2777084426604448336022 27770222442777 777702555666 664094448440333666 66605554445533022 277707666 6699902555 55507777338073377703334448883308666 66609666885553022 27777330555666 6640844330844 444777702555744208442660666 665559990222666555202555666 66407666 6699907666 669990222666555208443308666 6660333444888330444833607337770555444553308443303366877799909299909444844
Case #60: 96667773777708666 666097774448330777733807666 669990336687779990555666 6640977744483302555666 6640333666 66603666 66330844 4447777096667773777702555 55502020555666 6640944484408666 66602226665552084426607666 669990666 665559990844330666 6655599902555 555033344488833022255527777 777708442660844 44477770844330222442777 7777022 2777733022255527777 77770255574420844 4447777077773380844 44477770966677730777733802555 555022255527777 77770333444888330555337777 77770555337777 77770207337770966677737777096667773777702555 5550844266025557442097774448330222442777 77770777766 666908666 666022255527777 77770966677737777084433020844266022255527777 777702555666 66408666 66602555666 664022 2777733097774448330336687779990977744483307666 669990555337777 7777022266655520255574420555337777 7777084433073377702555 555
Case #61: 966677737777055544455330222666555205554445533077773380202555666 664022 27777330733777022255527777 7777022255527777 77770336687779990203666 663307777338022 2777733022 277703334448883302555 555077773380333666 6660333444888330844 444777703666 663302555666 6640555666 664022266655520966677730209666777377770844 4447777097774448330944484408666 666044483360255574420966688555309444844096667773077773380977744483302555666 6640255574420333666 66607337770666 66555999022266655520844 44477770666 665559990666 66555999033668777999033668777999077773380844330555666 6640336687779990333666 66609666777307666 6699905554445533022 27777330333666 6660844266044483360666 66555999097774448330844 444777707666 669990777766 6669022255527777 7777096668855530977744483302555 5550844 444777702555666 66402555666 66402226665552097774448330555337777 77770733777096667773777703366877799902555 55508666 66609666777377770444833603666 66330333444888330844330555666 6640336687779990555337777 77770444833609666777307337770966677737777096667773777707337770222442777 777702022255527777 77770777766 666902555 5550733777077773380555666 6640336687779990844 444777708666 666020255574420666 665559990222442777 7777022 2777097774448330844 44477770555337777 7777044483360336687779990844330222442777 7777044483360966688555307666 669990336687779990666 6655599907337770555666 664022 27777330555666 6640336687779990222442777 7777044483360944484402555666 66408666 6660666 665559990666 66555999044483360222442777 77770966677730844 44477770444833607666 669990222442777 7777
Case #62: 25557442077773380222666555202555 55503366877799907666 66999094448440555337777 777702555744207666 669990444833607777338096668855530222442777 7777025557442022255527777 7777073377707666 6699902555 5550333666 666022255527777 777708666 6660222442777 77770844266020444833603666 663308666 6660929990666 665559990844 444777702555744202555666 66404448336022 27770844266022266655520555444553302555 55508442660204448336022255527777 77770555444553309666777302555744207666 669990209666777377770844 44477770777766 6669020777733802555 5550333666 666084426607777338022255527777 77770336687779990966677737777022 2777022255527777 7777022 277708666 666022255527777 777703666 66330844266022255527777 77770336687779990733777044483360666 665559990844266022255527777 777707337770444833607337770333666 6660966688555307666 6699908666 66608666 666084433096667773777703666 66330222442777 7777096667773777708666 666077773380555666 6640966688555304448336033344488833094448440333444888330205554445533073377702555666 66409666777377770844 444777708442660666 665559990844 444777703366877799902226665552
Case #63: 7337770666 66555999022 2777022 27770966677737777020255574420222666555208666 66602226665552033344488833
Case #64: 22255527777 7777084433022255527777 77770336687779990222442777 777702226665552073377702555 555096667773777704448336033668777999022 2777033668777999084426603666 6633033668777999084426609444844033344488833096667773777709666885553022 277702555666 664097774448330333666 6660666 6655599907337770555666 6640929990336687779990666 6655599902555744207666 669990333444888330333666 6660333666 6660777733809666885553020844 44477770844266022 277708443308666 66603666 663308666 6660844 444777703666 663302555 55507777338092999094448440844 4447777084433096668855530333666 66603366877799903666 66330966688555309299902555666 66405554445533092999022 27770222442777 77770555666 6640222442777 777704448336094448440333666 666022 2777022 27770966677730844330733777022255527777 777702555 5550844266025557442097774448330844330733777096667773025557442022 2777022255527777 7777084433022 277773303334448883303666 663302555666 6640555666 66402555666 6640444833605554445533022266655520333444888330666 66555999092999022 2777020333666 66603666 6633073377703666 663307666 66999022255527777 777708666 666022255527777 77770333666 666022255527777 7777096667773096668855530333666 6660333666 666022255527777 77770844266084433022 2777733
Case #65: 3666 66330336687779990844 4447777096667773096668855530777766 66690844 44477770222666555202555666 6640255574420977744483303334448883308666 6660944484407777338094448440555666 664022255527777 7777084433022255527777 7777084433097774448330336687779990333666 666055544455330555666 6640844 444777702097774448330666 6655599903366877799909777444833022 27777330333666 66607777338097774448330208666 66603666 66330844 44477770929990222442777 7777073377707666 669990336687779990929990977744483303666 663307666 6699907666 669990777766 66690333666 666092999092999044483360204448336022255527777 7777096668855530555666 6640666 66555999022266655520203334448883303366877799902555666 6640336687779990777766 666902555666 6640555444553302555744203666 66330844266092999022 2777
Case #66: 22255527777 77770555337777 7777084433084433096667773020844330336687779990222666555203366877799903666 66330966688555309666777377770966677730222666555204448336094448440555666 66407666 6699903666 6633096667773022266655520555337777 7777096667773022266655520222442777 77770844330777733803366877799902555 555044483360844 4447777022255527777 777702555 5550844330777766 666909444844033344488833022255527777 77770203666 66330555666 6640966677730222442777 7777033668777999
Case #67: 966688555309777444833084433025557442084426608666 66602555666 6640333666 666084433097774448330844 44477770844 44477770966677730555337777 7777022 277709666885553022 2777733084433025557442044483360844266092999022266655520555444553307666 6699903366877799908442660777766 6669022 27777330222442777 77770844 4447777020555666 664022255527777 777707666 66999025557442092999022 277773307666 669990222442777 7777092999022 277773308666 666022266655520222666555207666 669990844 44477770333666 666022266655520929990336687779990844330555666 6640777733808666 66608443302555 55502096668855530844 444777702555 5550333666 66602555666 6640555337777 7777022255527777 777707666 66999033668777999022266655520666 6655599905554445533022 2777733022255527777 77770966677730333666 66603366877799909666777377770777766 6669033344488833022266655520555337777 777702555666 6640844330222442777 77770555337777 777707666 6699907666 66999022 27770333666 6660333666 666044483360844330844330929990333666 666094448440844 44477770666 6655599903666 663307666 6699902555666 66407777338044483360336687779990966688555303666 6633077773380666 665559990666 66555999033668777999092999022255527777 7777022 277773303334448883302555666 664096667773777703666 6633073377709666777377770966677737777055544455330844 44477770977744483305554445533084426608443302555 555
Case #68: 84433022255527777 777705554445533022 27770844330966677730844266
Case #69: 7666 669990844330777766 666903666 66330966677730966677737777096667773096667773022266655520844 44477770555337777 7777092999020222442777 7777084433077773380255574420666 665559990222442777 7777022255527777 777704448336096667773025557442025557442055544455330333444888330666 6655599903666 6633097774448330966688555302226665552022 2777022 2777733096667773096667773777702226665552094448440844 44477770777766 666907666 6699908666 666022 2777096668855530966677737777022266655520207666 669990777766 66690966688555302555666 664022 277703666 6633044483360733777022266655520444833607777338077773380255574420555337777 777709299902097774448330844 4447777097774448330977744483303666 663309444844033668777999092999055544455330777733802555666 664044483360966677737777055544455330966688555302555666 664033668777999055544455330555666 664033668777999096668855530333666 6660929990202555666 66409299909666777302555 55508666 66607337770555666 6640966688555308666 6660966688555309666777377770555337777 7777044483360333444888330844 4447777022255527777 777709666885553097774448330222442777 7777022 27770555666 66408442660777766 6669022266655520977744483309444844084426602555 55502226665552020555666 6640555444553303666 66330222442777 77770733777025557442022255527777 777707337770203334448883302226665552022 27777330777766 666907777338
Case #70: 777766 6669096668855530777766 66690555666 6640666 66555999022255527777 7777033344488833044483360255574420222442777 77770555337777 7777084426602226665552055544455330555337777 7777020555666 6640222442777 777708666 6660844 4447777096667773022255527777 777708666 666096667773033344488833092999077773380555337777 7777022 277773302555 5550777733809299907337770222442777 777703666 66330944484402555 55508442660255574420944484408666 666084433096668855530666 6655599902555666 66403666 663309444844077773380844 444777702555744202022255527777 777707777338022266655520202555 5550444833609666777302555666 66409299902555744208443302555744209666777307666 6699903666 66330733777022255527777 7777077773380555666 664094448440555444553308442660777766 66690666 665559990333666 666073377702555666 66409777444833022255527777 7777022255527777 777707666 66999022266655520333666 6660222442777 777707666 6699902022266655520222442777 7777022 277703666 6633022 2777733022255527777 77770336687779990555444553308666 666094448440555337777 77770977744483302555744203666 66330777733803666 66330844 444777703666 663303334448883303366877799902555666 664022 277773302226665552022 27777330844 4447777022 2777096667773777703666 66330966677730444833608443308666 6660555337777 777709444844
Case #71: 22255527777 7777077773380966677730444833603334448883307666 6699907666 669990844 444777702555666 66409666885553022 2777733094448440555666 6640555337777 77770966688555307337770333666 6660333444888330777733809444844025557442022 2777022 27777330555666 664084433022 277708666 666094448440222442777 7777022 277702555 55508666 666033668777999022 277707666 6699905554445533055544455330222666555207337770666 6655599909666777377770555337777 7777094448440336687779990444833603666 663302555666 6640555666 66402555744202555744209666777377770333666 666096667773777707777338022 2777077773380222442777 777703366877799909777444833073377708442660929990666 66555999033668777999044483360222666555209666777302555744203666 6633077773380222442777 7777077773380777766 6669084426609777444833022 277773303666 663302555666 664096668855530555666 664022255527777 7777025557442022 277702555 55503666 66330666 66555999097774448330222442777 77770222442777 777702226665552073377704448336022255527777 77770222442777 77770336687779990777766 666905554445533084426608666 6660777733807666 66999096668855530222442777 7777
Case #72: 555666 6640555337777 777702555 55508666 666022 277773303666 66330777766 66690222442777 7777073377707666 6699902555666 66402555666 6640336687779990555337777 777708443308442660222442777 777703334448883302555666 664022 27770844330222442777 7777094448440977744483303666 663309666777377770222442777 77770222442777 77770222442777 7777096667773777707337770555337777 77770844330777766 66690844 444777708442660844 4447777073377707337770844 444777709299908442660555444553303366877799902555666 6640844266033668777999044483360222442777 777703666 663302555 55509444844094448440333666 6660777766 6669044483360733777020666 6655599902555666 664096667773777708666 6660209299902555 5550966688555302022266655520333444888330255574420966677730666 6655599903666 663309299908666 66608443308666 6660222442777 777709444844084426608442660333666 66607777338025557442
Case #73: 2555744207337770222442777 7777097774448330555337777 77770555337777 777702555666 66409299903366877799902555 55507666 669990555337777 7777094448440929990844266055544455330844 444777704448336022 277703366877799902555744202555 555084433022266655520844 44477770977744483302555744208443308443309299908666 66609666885553022255527777 77770666 665559990777766 66690555337777 77770444833602555744203666 66330944484403366877799908666 6660844330222442777 77770333666 6660333444888330844330966688555309299907777338022255527777 777703666 66330777733803366877799903334448883302555 5550333666 6660844 44477770333444888330844 4447777022 277704448336020733777097774448330555337777 7777020209666777308666 66607777338022 2777733094448440733777044483360777766 666903334448883307337770555666 66407666 669990255574420222666555209299909666777377770333666 666077773380966677730966677730966688555307666 669990222442777 777709444844022 2777733022 27777330666 6655599907777338092999022 277773309666777309666885553055544455330844 44477770255574420222666555207666 669990844266033344488833033668777999022 277707666 66999022 277708666 66602555666 66407777338055544455330777766 66690733777
Case #74: 9666777377770666 665559990966677737777022 277708666 666097774448330666 6655599903334448883302555 555
Case #75: 22 277773302555666 6640255574420255574420333666 666020844330844266092999022266655520777766 6669022 277702555666 664055544455330844330777766 6669097774448330844 444777709666777377770844266022255527777 7777084426607777338022 2777096667773777702555666 664022 2777733094448440444833602555666 6640733777096667773094448440966677737777020333666 66603666 6633084433044483360844 44477770555337777 7777094448440844 4447777055544455330555666 6640555444553307777338055544455330777766 6669022266655520966677737777084426602555 5550777766 666902555666 6640333666 666022266655520929990966688555302025557442092999020555666 6640222666555203666 663303666 66330222442777 7777084433022255527777 77770777733807666 6699902555744208443302555 5550555444553302555666 6640555666 664022266655520666 66555999022 2777020444833607666 6699903666 663309666885553
Case #76: 666 665559990777766 6669096667773022 277773307666 6699909777444833092999077773380222666555209444844022266655520844 44477770222442777 777707777338033668777999022 277773307666 6699902555 555022255527777 7777022 277773302555666 6640222442777 777709777444833084426603366877799902226665552084426602555666 664022 2777733092999096667773022 277709666777302555 555022 2777733094448440966677730255574420844266022 277709666777377770966677737777020666 66555999022 2777733022 2777096667773096667773022255527777 7777094448440966677730966688555308666 6660555444553302555666 6640333666 6660444833602555666 6640666 665559990222666555205554445533084426603666 663302555666 6640844330555337777 77770929990777766 666908666 6660666 6655599905554445533022255527777 777709444844022255527777 77770844 44477770333444888330444833608666 66604448336097774448330844330666 6655599909299903334448883309444844044483360333666 666084426602555666 6640777733802555744208666 66607777338092999094448440333666 6660844266020966677730666 66555999077773380222666555202555666 664022 277773302555 55502555666 664073377707666 66999
Case #77: 73377702226665552020555337777 777709299909666777309777444833097774448330222442777 777707666 6699903334448883308666 66602555666 66405554445533077773380444833603666 663302555 555084426607666 6699907666 6699902555666 66402555666 6640777766 6669084426602555 555022 2777022 27770777766 6669044483360966677730207666 669990966677730222666555207666 66999022 27770966688555302555666 664022255527777 77770966677730666 66555999084433022 277773303366877799908443302555 55502555666 664097774448330222666555209299907337770333444888330844266022 2777733055544455330336687779990255574420555666 66403666 663303366877799902555 55503666 66330777766 66690333666 6660222442777 777703334448883302555666 664
Case #78: 55544455330222666555203666 66330333666 66608442660733777044483360733777096667773777702555744202555 555084426608666 6660333666 6660333666 666022266655520777766 6669096668855530777766 6669022266655520555666 66402555666 664084426604448336096668855530336687779990555666 66403366877799903666 66330977744483309666777302022255527777 77770844 4447777022 27777330777766 66690844330222442777 777703334448883303666 663302555666 66402555744202555666 6640222442777 777709444844020555666 6640666 665559990777766 666908666 666055544455330666 665559990444833608443308666 666
Case #79: 555337777 77770555444553302555666 6640977744483308442660336687779990844 444777703666 66330222442777 77770333666 66603666 6633025557442022 277705554445533022 27777330844 4447777094448440555666 66402555666 6640333666 666077773380555444553303666 66330336687779990977744483309299909666777307337770555337777 7777022 277773309666885553033668777999055544455330977744483303666 6633020666 6655599909777444833022 277702555 5550333666 66608666 666022 27777330977744483309666885553022255527777 777707666 669990666 665559990555337777 77770555337777 77770336687779990555337777 7777097774448330336687779990733777055544455330733777022 277773308666 666096668855530333666 6660555666 66409299903366877799909299902555744202555666 66407666 669990777766 66690966688555308666 666020336687779990333666 66608442660944484408443308666 6660944484408443308443302022 2777733022 27777330666 665559990222442777 777707777338022 27770977744483303366877799902226665552092999022 277773303334448883309666777377770222442777 77770555337777 77770777766 6669097774448330209299909666777309666885553094448440777766 66690666 665559990844330844330333666 6660222442777 7777
Case #80: 73377707666 66999022255527777 77770844 4447777022 277773302555666 66408443304448336084426608666 6660333666 666022266655520666 6655599907666 6699902555 55502096667773777703666 663303666 663302094448440844330777766 66690555337777 77770666 665559990255574420777766 6669092999022 27770666 665559990966677737777033344488833097774448330555337777 777707777338022 27777330733777094448440844266022 2777733096667773777703666 66330844 44477770844 444777704448336044483360555337777 77770929990555666 6640333444888330336687779990555337777 77770555444553303366877799908666 6660333444888330777733803666 663308666 6660929990205554445533092999096667773
Case #81: 333666 6660666 66555999022 27770444833607666 669990555337777 7777096667773033344488833096667773777708666 6660844 4447777084433022 27770929990555337777 7777022 2777733073377702226665552022 2777077773380555337777 77770844 444777702555 555077773380333666 666092999022255527777 77770966677730844330844 4447777097774448330444833602555666 664022266655520255574420944484402555 555044483360207666 66999022 27777330336687779990777766 666908666 66607666 669990555444553309666777377770929990255574420844330777766 66690555666 6640666 6655599903666 66330222666555207666 66999022255527777 777705554445533022255527777 777707666 669990666 665559990333666 6660777766 6669033344488833
Case #82: 2555 5550336687779990333444888330777733807666 6699908443303666 6633077773380222442777 77770844266084426607777338096667773055544455330844 4447777096667773022 277773308443303666 66330222442777 7777022 27770777733809444844022255527777 777709666777302555666 6640255574420944484409444844073377707666 669990944484409666885553022255527777 7777020555337777 7777022255527777 7777022266655520844 44477770203366877799909444844055544455330666 665559990333666 66607337770555444553309666777377770222442777 7777022255527777 7777044483360555666 6640555666 66402555 555
Case #83: 444833609299903666 6633025557442020222442777 777709666777377770844 4447777084426605554445533055544455330222666555209666777377770666 665559990555337777 77770555337777 777703666 66330966677730844 444777705554445533077773380555666 6640929990844 44477770333666 6660555337777 77770844266044483360203334448883307666 6699902555 55502555 5550966688555307777338
Case #84: 2555666 66409777444833033668777999022255527777 7777092999022255527777 77770666 665559990333666 666097774448330555337777 77770333666 66608666 66609666885553044483360555337777 77770555666 66408442660333666 666094448440222666555202226665552022255527777 77770733777096667773777702555 555033668777999073377709666885553022 2777733022 277709444844073377707777338022 2777733097774448330777766 666908443302555666 6640777766 6669022 277773308666 666094448440222442777 777708442660977744483308666 66609666777377770666 6655599908666 666084426602555666 66402226665552096667773777703666 66330966677730555337777 777702555744209666777308442660844 4447777084426602555666 6640555337777 7777092999096668855530777766 66690966688555302555 55502555 555044483360777733803666 66330333666 66607666 669990844 4447777033668777999092999
Case #85: 22255527777 777703666 6633022 27770333666 66607666 6699907777338094448440333666 6660844330208666 666022 277773309444844033668777999033344488833084426603666 6633097774448330222442777 7777055544455330733777022 2777733022255527777 777703334448883303666 663309777444833
Case #86: 92999022 2777096667773777709777444833022 277773307666 669990844330844 44477770555666 664073377709666777303366877799905554445533055544455330966677737777022 277773309444844092999055544455330966688555302555666 66405554445533022 2777097774448330966677730222666555203366877799902022255527777 777702555666 6640844 44477770222442777 777703666 663302555 5550202555666 6640555444553307337770844 4447777020666 665559990844330977744483302226665552033668777999084426609666777377770929990777766 66690222442777 7777022 277773302555744207666 66999084433033668777999022 277773308666 6660208666 666022255527777 777702555 55502555 55507666 669990555666 66409444844022 27770844330777766 66690205554445533020977744483302226665552077773380555666 664020555337777 77770844266033344488833022 27770977744483302555666 6640966688555308666 66602555 555022 277773307666 669990733777022 2777733094448440844 444777708666 66609777444833
Case #87: 2226665552077773380555666 6640333666 666022 2777044483360666 66555999096667773777702555744203666 6633077773380555444553304448336097774448330929990977744483302555666 664092999022 2777022255527777 77770222442777 77770336687779990929990777733807666 6699909666777309444844033668777999022 2777733055544455330555337777 777703366877799902555666 664022255527777 777708666 66609666777377770222666555203366877799907666 6699903334448883303666 663307666 6699903666 6633022 2777022 277773302555744203666 663307777338033344488833022255527777 777705554445533
Case #88: 73377707666 66999020777766 666908442660733777025557442084433096667773777702555 55503334448883302555 55502555744207666 669990777766 66690444833602555666 664055544455330555337777 7777073377703666 6633022255527777 777702555666 664022 277773309666777377770336687779990666 665559990333666 66608666 6660929990944484409666777308666 6660336687779990733777092999033344488833022 2777733022 27770966688555309299909299902555 55502555666 66402555 5550966677730555337777 777703666 66330777733802555666 6640555666 66409666777377770733777
Case #89: 7666 6699909777444833044483360966677737777025557442022255527777 777702555 5550966688555309444844022255527777 77770966677737777022 27777330555337777 777702555 5550666 6655599908666 6660666 665559990333444888330555666 66407777338022255527777 7777084433097774448330222442777 777703366877799902555 5550255574420555666 66408666 666022 27770222666555209666885553077773380929990333666 66608666 66608666 66609299908666 6660844330844330336687779990333666 66602555 55507777338022 27777330255574420777766 666903666 66330444833609666777302555 5550844330666 665559990336687779990333666 6660333666 66602555 5550555337777 7777022 2777733022 277709299908442660555444553302555666 6640966677730929990666 665559990255574420333666 6660844 44477770777733802555666 66402555666 664094448440844 44477770555666 66402555744209666777377770555444553307777338022266655520844 444777709666885553084433022255527777 777702226665552084433097774448330555666 66407777338096667773777703334448883308442660555444553303334448883303666 6633020333666 66602555 555022255527777 777702555 55502555 5550222442777 77770666 66555999022 27777330555666 6640555666 664022 27777330966677730444833609444844073377703666 663308666 6660777766 666908442660336687779990977744483303666 66330555444553309666885553
Case #90: 22255527777 77770844 4447777033344488833022 27770777766 6669022 2777084426609299902555666 6640555337777 77770844330333666 666022 2777033668777999094448440777766 66690555337777 77770666 665559990977744483308666 666084433096668855530222442777 7777022266655520333666 66609666777303366877799903666 663309666777307337770555666 66402555 55502555666 66409666777377770929990777766 66690222442777 777702555 55502555 55507337770222666555203666 66330222442777 777709666885553055544455330966677737777084433055544455330222442777 777702555666 664033344488833033668777999094448440777766 6669096667773777702555666 664022 2777025557442025557442022 27777330555666 6640844330555337777 77770255574420336687779990255574420777766 66690844 444777705554445533022255527777 77770555666 6640336687779990255574420777766 66690555337777 7777096667773
Case #91: 2555666 664022 277702226665552022255527777 777703366877799909666777303366877799907777338022255527777 777707666 6699909666885553096668855530555444553308443303666 663307337770966688555308442660444833602555666 6640966677730666 6655599902555666 66407666 669990222442777 7777096668855530555337777 77770777766 666902226665552092999022 277773308443307666 6699909666777309666777307666 66999022 277709299908666 666084433084433055544455330929990222442777 777709777444833022 2777094448440666 6655599908666 66609777444833022 2777733096667773777707666 669990666 6655599902555666 664
Case #92: 22 27777330207666 6699902555666 6640777766 6669022 27770844 44477770222442777 777702555 55502555 55509666777307777338084426607777338055544455330844330929990333444888330333444888330844 4447777022255527777 7777096668855530333666 666044483360966688555308666 6660666 66555999033344488833033344488833022 277773303366877799909666777377770929990555337777 77770977744483302555 5550944484408666 6660977744483308443308443309666777307666 669990333666 66602555 5550555337777 77770555337777 777707337770844 44477770844266022 27777330777766 666903666 66330333666 6660555666 66409666777377770336687779990555666 664022 2777733096667773022255527777 777707666 6699907337770777766 6669033344488833020844266033344488833
Case #93: 3666 663305554445533084426607666 669990777733808666 6660555666 66402226665552084426602555 55503666 66330207777338097774448330966677730966677730336687779990444833602096668855530222442777 77770255574420333666 6660555666 6640202555666 66404448336022255527777 777702555 55504448336022 2777077773380222666555202555744207666 6699902555 55502555666 6640966677730844 44477770666 66555999044483360966677730336687779990929990733777084426602226665552084433094448440222442777 777702226665552022255527777 77770255574420944484407337770844 4447777020966677730777766 66690966677730255574420333444888330844 444777708666 6660555666 664096667773777707666 6699909666777303366877799902555 55503666 66330555337777 77770333666 666077773380333666 6660255574420666 665559990666 665559990966677730966677730966677737777022255527777 77770929990977744483309666885553073377702555 5550666 6655599902555 55503666 663308666 6660333444888330666 6655599909666885553096667773777703666 6633033668777999022 2777084426608442660777766 666903334448883302096668855530966677730844 4447777096668855530844266022255527777 7777022255527777 777708666 666077773380555666 66407777338094448440333666 6660555666 6640333444888330444833603666 663309666777377770844 44477770844 44477770333666 6660844 4447777092999
Case #94: 25557442022266655520844266020333666 66604448336097774448330222442777 777702555744202555744203666 663309777444833022 277773308666 66603666 663309299902555 5550777766 666905554445533022 277773303666 66330844 44477770555666 6640977744483307777338033668777999044483360333666 6660333666 666084426608443308666 6660666 6655599909444844020844 444777708666 6660444833608442660733777022255527777 77770555337777 777707337770555666 6640966677737777094448440555666 6640333444888330444833603666 66330844 44477770977744483309666777377770255574420555666 66402555 555022255527777 7777022266655520555337777 777707666 6699902555 555022 2777733022255527777 777702555 5550666 665559990966688555303366877799905554445533022255527777 777705554445533022255527777 77770733777022266655520555444553309444844033344488833022255527777 77770444833607666 66999022266655520777766 6669022 2777733022255527777 77770333666 66603666 6633033668777999022 27777330844 44477770555666 6640733777020777733808666 66602226665552055544455330929990977744483308442660255574420222442777 777707666 669990555666 6640555444553307666 669990944484409666777303666 663302555 5550555666 664084426608666 66607666 669990333666 66602555666 66402555666 6640555337777 77770666 66555999020555337777 7777022 2777733033344488833020555444553302555744202555 55502555 55507666 66999096668855530777733802555 555097774448330966688555303666 663308443303666 6633022 2777733055544455330222442777 77770202555 55508666 66607666 669990666 665559990844 444777709444844020844266096667773084426603666 66330555666 664084433096667773022 2777733
Case #95: 777766 666909299909666777377770555444553308443307666 669990222442777 7777044483360555666 664044483360777733807337770966677737777022 2777733055544455330333666 66609666777377770666 6655599909666885553022 2777733097774448330777766 6669033668777999044483360844266022 2777733022255527777 7777022266655520777766 666909444844096668855530966688555307777338022255527777 77770222442777 77770555666 6640555337777 77770944484408666 6660555337777 7777044483360966677737777044483360555666 6640555337777 777708442660966688555307666 6699909299909299908666 66609666777377770777766 66690555666 664044483360555337777 77770666 66555999097774448330666 6655599909444844073377708666 666092999020555666 664025557442073377707666 6699907666 669990966688555309666777308442660929990333666 66603666 66330333666 6660777733802555 555033344488833022255527777 77770666 66555999096668855530666 66555999022255527777 77770222666555202555666 66409777444833025557442044483360966677730333444888330555666 6640555444553309777444833033668777999077773380666 66555999022 277702555 555096667773055544455330555337777 777702555 55502226665552022 27777330777733807666 669990555666 664025557442073377709444844025557442022 277708666 6660555337777 777707337770444833607666 669990336687779990844330555337777 7777033668777999022266655520777766 66690222442777 77770777766 6669055544455330444833607666 669990333666 666097774448330555444553302555 5550555337777 7777020666 6655599907777338073377708443304448336097774448330222442777 7777022 27777330777733809666777377770555666 664097774448330966677737777022 2777733097774448330333444888330966688555307337770929990666 66555999022 27777330733777
Case #96: 777733802555 5550555666 6640333666 666
Case #97: 9666885553033668777999055544455330255574420555444553309666777303366877799907666 6699909777444833022 27770844266044483360733777044483360333666 6660777766 66690222666555208443302555666 6640222442777 77770844330777766 666902555666 66407666 669990777733808666 666055544455330844 44477770202555666 66407337770666 6655599902555666 66409777444833022 2777025557442084433096668855530844 44477770844 4447777096668855530777766 6669044483360929990555666 664096667773777705554445533022266655520333444888330555337777 77770666 665559990555444553309444844020222442777 7777022266655520255574420333666 66602022255527777 7777022 277773303666 663303666 66330555666 664044483360444833603366877799909666777377770255574420844 4447777022 2777733022 2777096668855530977744483309777444833022 277773309444844097774448330944484402555666 6640666 665559990966677737777096667773777708666 6660207666 669990929990844266022255527777 777709666885553022 277773302555 555077773380203666 663305554445533025557442077773380966677737777022 277707777338022255527777 7777022 2777733020555666 664096667773033668777999096667773055544455330929990966677730444833607666 66999096667773777707337770666 6655599902555666 6640333666 666044483360666 6655599909666777377770555337777 7777
Case #98: 777766 666909666885553094448440555337777 7777073377702555 5550844 444777703666 66330555666 6640844 44477770333666 666020555337777 777707337770555666 664084433055544455330777766 6669084433022 277707666 669990777733809777444833025557442096667773777703666 6633092999025557442092999096667773777708443304448336020844 44477770966677737777
Case #99: 8666 6660255574420844330666 6655599909666885553022255527777 7777022 27770333666 66609666885553097774448330777766 666902555 555033344488833022 27770444833608666 6660203666 6633033668777999020666 6655599905554445533022255527777 77770555666 664077773380333666 66608442660844 444777702555666 664084433097774448330555337777 77770333666 6660966677730777766 6669092999
Case #100: 3366877799908666 66602084433044483360555337777 77770777766 6669022 27777330555337777 7777022 27770222442777 77770666 66555999020666 6655599908443309666885553084426607666 669990844 4447777020666 66555999084426608442660844 444777709666777377770555666 66408442660844266022266655520333444888330966677730733777094448440777766 6669077773380555337777 777702555 55508666 66608443308666 666084433096668855530666 66555999044483360555337777 7777025557442022 2777733
