Case #1:
Case #2:
10 2 3 2 5 2 7 2 3 2
Case #3:
11 3 2 5 2 7 2 3 2 11
Case #4:
Case #5:
Case #6:
Case #7:
10000000000001 3 2 5 2 7 2 3 2 11
10000000000101 7 13 3 31 11 3 73 7 3
10000000000111 3 2 5 2 7 2 3 2 11
Case #8:
100000000000000000000000000000000000000000000001 3 2 5 2 7 2 3 2 11
100000000000000000000000000000000000000000000011 7 13 3 31 43 3 11 7 3
100000000000000000000000000000000000000000000111 3 2 5 2 7 2 3 2 11
100000000000000000000000000000000000000000001101 3 2 5 2 7 2 3 2 7
100000000000000000000000000000000000000000010001 5 13 3 31 43 3 73 7 3
Case #9:
100000011 7 5 3 31 11 3 5 7 3
Case #10:
Case #11:
10000000000000000000000000000000000000000000000000000000000001 3 2 5 2 7 2 3 2 11
10000000000000000000000000000000000000000000000000000000000101 7 13 3 31 43 3 73 7 3
10000000000000000000000000000000000000000000000000000000000111 3 2 5 2 7 2 3 2 11
Case #12:
100000000000000000000000000000000000000000000001 3 2 5 2 7 2 3 2 11
Case #13:
10000000000000000000000000000000000001 3 2 5 2 7 2 3 2 11
10000000000000000000000000000000000101 7 13 3 31 43 3 73 7 3
10000000000000000000000000000000000111 3 2 5 2 7 2 3 2 11
10000000000000000000000000000000001101 3 2 5 2 7 2 3 2 11
10000000000000000000000000000000010001 19 5 3 61 41 3 5 31 3
10000000000000000000000000000000010011 3 2 5 2 7 2 3 2 11
10000000000000000000000000000000011001 3 2 5 2 7 2 3 2 7
Case #14:
10000000000001 3 2 5 2 7 2 3 2 11
10000000000101 7 13 3 31 11 3 73 7 3
10000000000111 3 2 5 2 7 2 3 2 11
10000000001101 3 2 5 2 7 2 3 2 11
10000000010011 3 2 5 2 7 2 3 2 11
10000000010111 5 11 11 11 5 5 31 11 41
10000000011001 3 2 5 2 7 2 3 2 7
10000000011111 3 2 3 2 7 2 3 2 3
10000000100001 5 13 3 29 43 3 73 7 3
Case #15:
Case #16:
1000000000000000000000000000000000000000000000000001 3 2 5 2 7 2 3 2 7
1000000000000000000000000000000000000000000000000111 3 2 5 2 7 2 3 2 11
1000000000000000000000000000000000000000000000001001 11 5 3 19 19 3 5 19 3
Case #17:
1000000000000000000000000000000000000001 3 2 5 2 7 2 3 2 7
1000000000000000000000000000000000000111 3 2 5 2 7 2 3 2 11
1000000000000000000000000000000000001011 19 2 7 2 29 2 11 2 47
1000000000000000000000000000000000001101 3 2 5 2 7 2 3 2 11
1000000000000000000000000000000000010011 3 2 5 2 7 2 3 2 7
1000000000000000000000000000000000011001 3 2 5 2 7 2 3 2 11
1000000000000000000000000000000000011111 3 2 3 2 7 2 3 2 3
1000000000000000000000000000000000100101 3 2 5 2 7 2 3 2 7
Case #18:
1000000000000000000000000000000001 3 2 5 2 7 2 3 2 7
1000000000000000000000000000000111 3 2 5 2 7 2 3 2 11
1000000000000000000000000000001101 3 2 5 2 7 2 3 2 11
1000000000000000000000000000010011 3 2 5 2 7 2 3 2 7
1000000000000000000000000000010111 5 11 11 11 5 5 31 11 41
1000000000000000000000000000011001 3 2 5 2 7 2 3 2 11
1000000000000000000000000000011111 3 2 3 2 7 2 3 2 3
1000000000000000000000000000100101 3 2 5 2 7 2 3 2 7
Case #19:
Case #20:
Case #21:
Case #22:
Case #23:
Case #24:
Case #25:
100000000000000000011 7 5 3 29 23 3 5 7 3
100000000000000001011 3 2 5 2 7 2 3 2 11
100000000000000010001 3 7 3 3 11 3 3 7 3
100000000000000011111 7 2 3 2 43 2 73 2 3
Case #26:
100000000000000001 3 2 5 2 7 2 3 2 11
100000000000000011 5 13 3 31 43 3 11 7 3
100000000000000111 3 2 5 2 7 2 3 2 11
100000000000001101 3 2 5 2 7 2 3 2 7
100000000000010001 7 5 3 31 43 3 5 7 3
100000000000010011 3 2 5 2 7 2 3 2 11
100000000000011001 3 2 5 2 7 2 3 2 11
100000000000011111 3 2 3 2 7 2 3 2 3
100000000000100101 3 2 5 2 7 2 3 2 11
100000000000110001 3 2 5 2 7 2 3 2 11
100000000000110111 3 2 3 2 7 2 3 2 3
100000000000111011 7 2 3 2 43 2 23 2 3
100000000000111101 3 2 3 2 7 2 3 2 3
100000000001000011 3 2 5 2 7 2 3 2 11
Case #27:
Case #28:
Case #29:
1000000001 3 2 5 2 7 2 3 2 7
1000000111 3 2 5 2 7 2 3 2 11
1000001101 3 2 5 2 7 2 3 2 11
1000010011 3 2 5 2 7 2 3 2 7
1000011001 3 2 5 2 7 2 3 2 11
1000011111 3 2 3 2 7 2 3 2 3
1000100101 3 2 5 2 7 2 3 2 7
1000101011 3 7 13 3 5 5 3 73 7
1000110001 3 2 5 2 7 2 3 2 11
1000110111 3 2 3 2 7 2 3 2 3
1000111101 3 2 3 2 7 2 3 2 3
1001000011 3 2 5 2 7 2 3 2 11
1001001001 3 2 5 2 7 2 3 2 7
1001001111 3 2 3 2 7 2 3 2 3
1001010101 3 7 13 3 5 43 3 73 7
1001011011 3 2 3 2 7 2 3 2 3
1001011101 5 2 3 2 29 2 5 2 3
1001100001 3 2 5 2 7 2 3 2 11
Case #30:
Case #31:
10000000000000000000000000000000000000000000000001 3 2 5 2 7 2 3 2 11
10000000000000000000000000000000000000000000000101 7 13 3 23 43 3 73 7 3
10000000000000000000000000000000000000000000000111 3 2 5 2 7 2 3 2 11
10000000000000000000000000000000000000000000001101 3 2 5 2 7 2 3 2 11
Case #32:
Case #33:
100000000000000000000000000000000000000000000000000000000001 3 2 5 2 7 2 3 2 11
100000000000000000000000000000000000000000000000000000000011 7 13 3 17 41 3 67 7 3
100000000000000000000000000000000000000000000000000000000111 3 2 5 2 7 2 3 2 11
100000000000000000000000000000000000000000000000000000001101 3 2 5 2 7 2 3 2 7
Case #34:
1000000000000000000000000000000001 3 2 5 2 7 2 3 2 7
1000000000000000000000000000000111 3 2 5 2 7 2 3 2 11
1000000000000000000000000000001101 3 2 5 2 7 2 3 2 11
1000000000000000000000000000010011 3 2 5 2 7 2 3 2 7
1000000000000000000000000000010111 5 11 11 11 5 5 31 11 41
1000000000000000000000000000011001 3 2 5 2 7 2 3 2 11
1000000000000000000000000000011111 3 2 3 2 7 2 3 2 3
Case #35:
100000000000000000000000000000000000000000000001 3 2 5 2 7 2 3 2 11
100000000000000000000000000000000000000000000011 7 13 3 31 43 3 11 7 3
100000000000000000000000000000000000000000000111 3 2 5 2 7 2 3 2 11
100000000000000000000000000000000000000000001101 3 2 5 2 7 2 3 2 7
100000000000000000000000000000000000000000010001 5 13 3 31 43 3 73 7 3
100000000000000000000000000000000000000000010011 3 2 5 2 7 2 3 2 11
100000000000000000000000000000000000000000011001 3 2 5 2 7 2 3 2 11
100000000000000000000000000000000000000000011011 5 11 11 11 5 5 23 11 41
Case #36:
100000000000000000000000000000000000000000000000000001 3 2 5 2 7 2 3 2 11
100000000000000000000000000000000000000000000000000011 5 13 3 31 23 3 73 7 3
100000000000000000000000000000000000000000000000000111 3 2 5 2 7 2 3 2 11
100000000000000000000000000000000000000000000000001101 3 2 5 2 7 2 3 2 7
100000000000000000000000000000000000000000000000010001 7 5 3 31 43 3 5 7 3
100000000000000000000000000000000000000000000000010011 3 2 5 2 7 2 3 2 11
100000000000000000000000000000000000000000000000010111 5 11 11 11 5 5 31 11 41
100000000000000000000000000000000000000000000000011001 3 2 5 2 7 2 3 2 11
100000000000000000000000000000000000000000000000011111 3 2 3 2 7 2 3 2 3
Case #37:
Case #38:
Case #39:
100000000000000000000000000000000000000000000001 3 2 5 2 7 2 3 2 11
100000000000000000000000000000000000000000000011 7 13 3 31 43 3 11 7 3
100000000000000000000000000000000000000000000111 3 2 5 2 7 2 3 2 11
100000000000000000000000000000000000000000001101 3 2 5 2 7 2 3 2 7
100000000000000000000000000000000000000000010001 5 13 3 31 43 3 73 7 3
100000000000000000000000000000000000000000010011 3 2 5 2 7 2 3 2 11
100000000000000000000000000000000000000000011001 3 2 5 2 7 2 3 2 11
100000000000000000000000000000000000000000011011 5 11 11 11 5 5 23 11 41
100000000000000000000000000000000000000000011111 3 2 3 2 7 2 3 2 3
100000000000000000000000000000000000000000100101 3 2 5 2 7 2 3 2 11
Case #40:
1001 3 2 5 2 7 2 3 2 7
Case #41:
1000000001011 3 2 5 2 7 2 3 2 11
1000000011001 13 2 7 2 19 2 5 2 31
1000000011101 3 7 13 3 5 5 3 73 7
1000000100011 3 2 5 2 7 2 3 2 11
Case #42:
10000000000000000000000000000001 3 2 5 2 7 2 3 2 11
10000000000000000000000000000101 7 13 3 31 43 3 73 7 3
10000000000000000000000000000111 3 2 5 2 7 2 3 2 11
10000000000000000000000000001101 3 2 5 2 7 2 3 2 11
10000000000000000000000000010011 3 2 5 2 7 2 3 2 11
Case #43:
1000000000000000000000000000000000000000001 5 2 17 2 13 2 5 2 29
1000000000000000000000000000000000000001011 3 2 5 2 7 2 3 2 11
1000000000000000000000000000000000000011011 7 11 11 11 5 17 31 7 41
1000000000000000000000000000000000000011101 3 7 13 3 5 43 3 73 7
1000000000000000000000000000000000000011111 5 2 3 2 37 2 5 2 3
1000000000000000000000000000000000000100011 3 2 5 2 7 2 3 2 11
1000000000000000000000000000000000000101001 3 2 5 2 7 2 3 2 11
1000000000000000000000000000000000000101111 3 2 3 2 7 2 3 2 3
1000000000000000000000000000000000000110111 7 2 3 2 23 2 73 2 3
1000000000000000000000000000000000000111011 3 2 3 2 7 2 3 2 3
Case #44:
Case #45:
Case #46:
100000000000000000000000000000000001 3 2 5 2 7 2 3 2 11
100000000000000000000000000000000011 7 13 3 31 43 3 41 7 3
100000000000000000000000000000000111 3 2 5 2 7 2 3 2 11
100000000000000000000000000000001101 3 2 5 2 7 2 3 2 7
Case #47:
100000000000000000000000000000000000000000011 7 5 3 31 43 3 5 7 3
100000000000000000000000000000000000000001011 3 2 5 2 7 2 3 2 11
100000000000000000000000000000000000000001111 31 7 11 11 5 13 31 11 7
100000000000000000000000000000000000000010001 3 7 3 3 13 3 3 7 3
100000000000000000000000000000000000000011111 7 2 3 2 43 2 73 2 3
100000000000000000000000000000000000000100011 3 2 5 2 7 2 3 2 11
100000000000000000000000000000000000000101001 3 2 5 2 7 2 3 2 7
100000000000000000000000000000000000000101111 3 2 3 2 7 2 3 2 3
100000000000000000000000000000000000000110101 3 5 13 3 5 11 3 73 7
Case #48:
1001 3 2 5 2 7 2 3 2 7
1111 3 2 5 2 7 2 3 2 11
Case #49:
Case #50:
1000000000000001011 3 2 5 2 7 2 3 2 11
1000000000000010101 5 2 17 2 37 2 5 2 43
1000000000000010111 3 11 11 3 5 13 3 11 23
1000000000000011101 3 7 13 3 5 43 3 73 7
1000000000000011111 5 2 3 2 37 2 5 2 3
1000000000000100011 3 2 5 2 7 2 3 2 11
1000000000000101001 3 2 5 2 7 2 3 2 11
1000000000000101111 3 2 3 2 7 2 3 2 3
1000000000000110111 7 2 3 2 11 2 53 2 3
1000000000000111011 3 2 3 2 7 2 3 2 3
Case #51:
Case #52:
100000011 7 5 3 31 11 3 5 7 3
100001011 3 2 5 2 7 2 3 2 11
100010001 3 7 3 3 13 3 3 7 3
100010111 3 5 11 3 5 29 3 11 41
100011111 7 2 3 2 43 2 11 2 3
100100011 3 2 5 2 7 2 3 2 11
100101001 3 2 5 2 7 2 3 2 7
100101111 3 2 3 2 7 2 3 2 3
100110101 3 5 13 3 5 43 3 31 7
100111011 3 2 3 2 7 2 3 2 3
101001111 5 2 3 2 37 2 5 2 3
101010101 11 11 5 11 5 11 11 5 41
101010111 7 2 3 2 43 2 23 2 3
101011001 3 7 13 3 5 5 3 73 7
101101011 3 2 3 2 7 2 3 2 3
101101101 5 2 3 2 19 2 5 2 3
101110011 7 2 3 2 43 2 73 2 3
101111101 3 7 13 3 31 29 3 73 7
Case #53:
Case #54:
Case #55:
Case #56:
Case #57:
Case #58:
Case #59:
10000000000000000000000000000000011 13 37 3 29 53 3 61 59 3
10000000000000000000000000000000101 3 7 3 3 31 3 3 7 3
10000000000000000000000000000001011 3 2 5 2 7 2 3 2 7
10000000000000000000000000000010111 3 7 13 3 5 43 3 73 7
10000000000000000000000000000011111 5 2 3 2 37 2 5 2 3
10000000000000000000000000000100001 7 13 3 11 29 3 47 7 3
10000000000000000000000000000100011 3 2 5 2 7 2 3 2 11
10000000000000000000000000000101001 3 2 5 2 7 2 3 2 11
10000000000000000000000000000101111 3 2 3 2 7 2 3 2 3
10000000000000000000000000000111011 3 2 3 2 7 2 3 2 3
10000000000000000000000000000111101 5 2 3 2 37 2 5 2 3
Case #60:
Case #61:
Case #62:
Case #63:
Case #64:
10000001 3 2 5 2 7 2 3 2 11
10000101 7 13 3 31 17 3 73 7 3
10000111 3 2 5 2 7 2 3 2 11
10001101 3 2 5 2 7 2 3 2 11
10010011 3 2 5 2 7 2 3 2 11
10011001 3 2 5 2 7 2 3 2 7
10011011 5 11 7 11 5 5 31 11 17
10011111 3 2 3 2 7 2 3 2 3
10100001 7 11 3 31 43 3 73 7 3
10100101 3 2 5 2 7 2 3 2 11
10101111 5 2 3 2 37 2 5 2 3
10110001 3 2 5 2 7 2 3 2 11
10110111 3 2 3 2 7 2 3 2 3
10111101 3 2 3 2 7 2 3 2 3
11000011 3 2 5 2 7 2 3 2 11
11001001 3 2 5 2 7 2 3 2 11
11001111 3 2 3 2 7 2 3 2 3
11010111 5 2 3 2 37 2 5 2 3
Case #65:
Case #66:
Case #67:
1000000001 3 2 5 2 7 2 3 2 7
1000000111 3 2 5 2 7 2 3 2 11
1000001101 3 2 5 2 7 2 3 2 11
1000010011 3 2 5 2 7 2 3 2 7
1000011001 3 2 5 2 7 2 3 2 11
1000011111 3 2 3 2 7 2 3 2 3
1000100101 3 2 5 2 7 2 3 2 7
1000101011 3 7 13 3 5 5 3 73 7
1000110001 3 2 5 2 7 2 3 2 11
1000110111 3 2 3 2 7 2 3 2 3
1000111101 3 2 3 2 7 2 3 2 3
1001000011 3 2 5 2 7 2 3 2 11
1001001001 3 2 5 2 7 2 3 2 7
Case #68:
111 7 13 3 31 43 3 73 7 3
Case #69:
Case #70:
10000000101 3 7 3 3 31 3 3 7 3
10000001011 3 2 5 2 7 2 3 2 7
10000010101 5 2 17 2 37 2 5 2 31
10000010111 3 7 13 3 5 43 3 23 7
10000011111 5 2 3 2 37 2 5 2 3
10000100001 7 13 3 31 43 3 73 7 3
10000100011 3 2 5 2 7 2 3 2 11
10000101001 3 2 5 2 7 2 3 2 11
10000101111 3 2 3 2 7 2 3 2 3
10000111011 3 2 3 2 7 2 3 2 3
10000111101 5 2 3 2 37 2 5 2 3
10001001101 3 5 13 3 5 43 3 73 7
10001010001 5 2 17 2 13 2 5 2 73
10001011011 5 2 3 2 37 2 5 2 3
10001011111 3 7 13 3 29 43 3 37 7
Case #71:
Case #72:
1000000000000000000000000000001 5 2 17 2 13 2 5 2 61
1000000000000000000000000001011 3 2 5 2 7 2 3 2 11
1000000000000000000000000010101 5 2 17 2 37 2 5 2 19
1000000000000000000000000011101 3 7 13 3 5 23 3 29 7
Case #73:
Case #74:
1000000001 3 2 5 2 7 2 3 2 7
1000000111 3 2 5 2 7 2 3 2 11
1000001101 3 2 5 2 7 2 3 2 11
1000010011 3 2 5 2 7 2 3 2 7
1000011001 3 2 5 2 7 2 3 2 11
Case #75:
Case #76:
10000000000000101 3 7 3 3 31 3 3 7 3
10000000000001011 3 2 5 2 7 2 3 2 7
10000000000010111 3 5 13 3 5 43 3 43 7
10000000000011101 3 11 11 3 5 5 3 11 41
10000000000100001 7 5 3 31 43 3 5 7 3
10000000000100011 3 2 5 2 7 2 3 2 11
10000000000101001 3 2 5 2 7 2 3 2 11
10000000000101111 3 2 3 2 7 2 3 2 3
10000000000111011 3 2 3 2 7 2 3 2 3
10000000000111101 7 2 3 2 13 2 11 2 3
Case #77:
1000000000000000000000000000000001011 3 2 5 2 7 2 3 2 11
1000000000000000000000000000000011101 3 7 11 3 5 5 3 11 7
1000000000000000000000000000000100011 3 2 5 2 7 2 3 2 11
1000000000000000000000000000000101001 3 2 5 2 7 2 3 2 11
1000000000000000000000000000000101111 3 2 3 2 7 2 3 2 3
1000000000000000000000000000000110111 7 2 3 2 43 2 73 2 3
Case #78:
Case #79:
100000000001 3 2 5 2 7 2 3 2 11
100000000011 7 13 3 11 43 3 73 7 3
100000000111 3 2 5 2 7 2 3 2 11
100000001101 3 2 5 2 7 2 3 2 7
100000010001 5 13 3 31 43 3 73 7 3
100000010011 3 2 5 2 7 2 3 2 11
100000011001 3 2 5 2 7 2 3 2 11
100000011111 3 2 3 2 7 2 3 2 3
100000100101 3 2 5 2 7 2 3 2 11
100000101111 5 2 3 2 11 2 5 2 3
Case #80:
Case #81:
10000000101 3 7 3 3 31 3 3 7 3
10000001011 3 2 5 2 7 2 3 2 7
10000010101 5 2 17 2 37 2 5 2 31
10000010111 3 7 13 3 5 43 3 23 7
10000011111 5 2 3 2 37 2 5 2 3
10000100001 7 13 3 31 43 3 73 7 3
10000100011 3 2 5 2 7 2 3 2 11
10000101001 3 2 5 2 7 2 3 2 11
10000101111 3 2 3 2 7 2 3 2 3
10000111011 3 2 3 2 7 2 3 2 3
10000111101 5 2 3 2 37 2 5 2 3
10001001101 3 5 13 3 5 43 3 73 7
10001010001 5 2 17 2 13 2 5 2 73
10001011011 5 2 3 2 37 2 5 2 3
Case #82:
Case #83:
Case #84:
100000000000000000000000000000011 7 5 3 31 43 3 5 7 3
100000000000000000000000000001011 3 2 5 2 7 2 3 2 11
100000000000000000000000000010001 3 7 3 3 13 3 3 7 3
100000000000000000000000000011111 7 2 3 2 43 2 73 2 3
100000000000000000000000000100011 3 2 5 2 7 2 3 2 11
Case #85:
Case #86:
1000000000000000000000000000000000000000000000000001 3 2 5 2 7 2 3 2 7
1000000000000000000000000000000000000000000000000111 3 2 5 2 7 2 3 2 11
1000000000000000000000000000000000000000000000001001 11 5 3 19 19 3 5 19 3
1000000000000000000000000000000000000000000000001101 3 2 5 2 7 2 3 2 11
1000000000000000000000000000000000000000000000010011 3 2 5 2 7 2 3 2 7
1000000000000000000000000000000000000000000000011001 3 2 5 2 7 2 3 2 11
1000000000000000000000000000000000000000000000011111 3 2 3 2 7 2 3 2 3
1000000000000000000000000000000000000000000000100101 3 2 5 2 7 2 3 2 7
Case #87:
10000000000001 3 2 5 2 7 2 3 2 11
10000000000101 7 13 3 31 11 3 73 7 3
10000000000111 3 2 5 2 7 2 3 2 11
10000000001101 3 2 5 2 7 2 3 2 11
10000000010011 3 2 5 2 7 2 3 2 11
10000000010111 5 11 11 11 5 5 31 11 41
10000000011001 3 2 5 2 7 2 3 2 7
Case #88:
100000000000000000000000000000000000000000000000000001 3 2 5 2 7 2 3 2 11
100000000000000000000000000000000000000000000000000011 5 13 3 31 23 3 73 7 3
100000000000000000000000000000000000000000000000000111 3 2 5 2 7 2 3 2 11
100000000000000000000000000000000000000000000000001101 3 2 5 2 7 2 3 2 7
100000000000000000000000000000000000000000000000010001 7 5 3 31 43 3 5 7 3
100000000000000000000000000000000000000000000000010011 3 2 5 2 7 2 3 2 11
Case #89:
Case #90:
Case #91:
Case #92:
10000000000000000000001 5 2 17 2 37 2 5 2 89
10000000000000000000101 3 7 3 3 31 3 3 7 3
10000000000000000001011 3 2 5 2 7 2 3 2 7
10000000000000000010101 5 2 17 2 23 2 5 2 73
10000000000000000010111 3 7 13 3 5 29 3 73 7
10000000000000000011011 31 11 7 11 5 13 31 11 41
Case #93:
10000000000000000000000000000000000000000000101 3 7 3 3 31 3 3 7 3
10000000000000000000000000000000000000000001011 3 2 5 2 7 2 3 2 7
10000000000000000000000000000000000000000010101 5 2 17 2 37 2 5 2 73
10000000000000000000000000000000000000000010111 3 7 13 3 5 23 3 73 7
10000000000000000000000000000000000000000011111 5 2 3 2 17 2 5 2 3
10000000000000000000000000000000000000000100001 7 13 3 23 17 3 41 7 3
Case #94:
Case #95:
100000000000000000000000000000000000011 7 13 3 31 11 3 73 7 3
100000000000000000000000000000000001011 3 2 5 2 7 2 3 2 11
100000000000000000000000000000000010001 3 7 3 3 31 3 3 7 3
100000000000000000000000000000000010101 5 2 17 2 37 2 5 2 73
100000000000000000000000000000000010111 3 11 11 3 5 73 3 11 41
100000000000000000000000000000000011111 5 2 3 2 37 2 5 2 3
Case #96:
Case #97:
100000000001 3 2 5 2 7 2 3 2 11
100000000011 7 13 3 11 43 3 73 7 3
100000000111 3 2 5 2 7 2 3 2 11
Case #98:
Case #99:
10000000101 3 7 3 3 31 3 3 7 3
10000001011 3 2 5 2 7 2 3 2 7
10000010101 5 2 17 2 37 2 5 2 31
10000010111 3 7 13 3 5 43 3 23 7
10000011111 5 2 3 2 37 2 5 2 3
10000100001 7 13 3 31 43 3 73 7 3
10000100011 3 2 5 2 7 2 3 2 11
10000101001 3 2 5 2 7 2 3 2 11
10000101111 3 2 3 2 7 2 3 2 3
10000111011 3 2 3 2 7 2 3 2 3
10000111101 5 2 3 2 37 2 5 2 3
Case #100:
10000000000001 3 2 5 2 7 2 3 2 11
10000000000101 7 13 3 31 11 3 73 7 3
10000000000111 3 2 5 2 7 2 3 2 11
10000000001101 3 2 5 2 7 2 3 2 11
10000000010011 3 2 5 2 7 2 3 2 11
10000000010111 5 11 11 11 5 5 31 11 41
10000000011001 3 2 5 2 7 2 3 2 7
10000000011111 3 2 3 2 7 2 3 2 3
