Case #1: 
44.721359549995796
25.0
25.0
Case #2: 
50000.0
50000.0
Case #3: 
10141.42063912876
Case #4: 
1.4142135623730951
0.4515236409857309
Case #5: 
2.2479725938983663
2.8324192609951826
3.056485770154655
1.3714206874576287
1.9916024821553557
1.4757757656329256
1.214945050646932
3.267520731276744
2.816551241120024
1.6920115915106644
1.8747937180256697
1.487224934645237
1.471269569569582
2.392865740406867
1.334796353341344
1.5500668617203976
1.2031220006383307
1.305634662816938
1.2130550649799765
1.4623796418397892
1.2410198031634376
2.2321416040096733
1.2717358502821796
1.3256793513418912
1.3815216793585376
1.5001320596912362
3.468990963534605
1.5345658036195367
2.071238810828042
1.8610251567741747
1.348399724926484
3.056485770154655
1.393751936193928
1.227123648875224
1.3966207253758804
1.4803236216082476
1.2093014044127819
1.641492355663038
1.542257910982012
1.7058241602151643
1.4514905875740371
1.2849757938177957
1.8475555576116076
1.2553989951684374
1.3458174058154837
1.6768664789179881
1.4690318959254085
1.9778386511612993
2.75564563899289
2.319221394948718
1.4283661593084147
2.5121924908555697
1.2336823468399833
1.770496494389241
3.2312809334052393
1.4735174999401837
1.3281472641539052
2.46340741014881
3.7682887362833544
2.29756619250065
1.843130268484263
2.8986836432948877
3.357058425145632
1.5714850356879968
1.2410198031634376
3.5293257643461016
3.0365735987753073
1.3518660538462484
1.4182141745022883
1.6446160356636148
1.6171274807925435
1.3256793513418912
1.4387393250624136
1.4222489313731344
1.3339597525989622
1.367802156910113
2.332512170776376
1.2645549015756885
1.8794515977959398
2.2890723882227895
1.2560962454277849
1.3553592536073007
1.4324884367377222
1.6852299546352716
1.4142135623730951
2.3061552549481776
1.2086791757096829
2.960647243216495
1.8387366263150307
3.330728148618557
1.8865039737853109
1.7058241602151643
3.3977515281660122
3.6093660019149922
2.3551804601770967
1.7803490829449309
1.6509172696092465
1.2917527421631496
1.39090075297706
1.5435512092478403
1.5909727514637635
2.0557700445795186
1.2043503031538805
1.6686262989328067
1.6068037160207782
1.891249903231604
2.0171187144809934
2.2014577857075888
2.490155288821445
1.312745584975926
1.3032899114554042
1.5487571302979202
1.6112039170003347
3.151201347116672
1.2581949874852019
2.9247592836795784
1.5938163153974774
1.5244864446112993
1.5097330028743152
1.3687041036991339
1.3356345300979418
1.6352980227934497
1.2902374891581294
2.9698275667785015
1.2533141905272562
1.204965866855281
1.2396759805677193
1.252621560360775
2.2682432709548337
1.293273346270742
1.3331247229380436
1.2674126564102788
2.280672094244414
2.4324199198877374
1.2136840798342678
1.4482710111417136
1.3651069776275608
1.2464391293931187
1.9724124717979528
1.980568588487068
1.329800217206963
3.0767948691238205
1.6024393701168673
1.3995073024658258
1.6954332564644077
1.6903085094570331
1.2232382871995184
1.403384061422872
1.259600007451155
1.2430437563480479
1.2232382871995184
1.7903680088807095
1.2105487501847199
2.881682419568725
1.3787447485520927
1.8794515977959398
1.6702646167539903
1.881793594465019
2.4686880323075187
1.7128585164924337
1.2746426788751695
1.3995073024658258
1.4192196437349367
1.3079921152262255
3.017045591727792
1.4558169476533191
3.713005220436714
1.3095708630733307
1.6216132799251581
1.5307626607127387
3.0871024184956806
2.8732932244183456
2.581988897471611
1.3183573474104948
1.9330913339165219
2.034684666222778
2.15771585360956
1.4977603079159243
2.6712690601958835
1.6669927926196297
2.276506479636027
1.6621209084771442
1.4942236788766676
1.224529304220793
1.7608056909331897
2.600366274566866
2.793241450751761
1.6588966165786596
1.9255055963477694
2.7855991889591825
1.5593289740510397
1.776388345929897
2.412399662399981
1.6038901982729186
1.3306290114396229
1.3880669963771486
2.240015143815543
1.5728533294044982
1.5811388300841898
1.5133811749341806
2.8986836432948877
1.4656944469432578
1.2484897572606002
1.6621209084771442
1.4918797971531101
1.7146307451263392
2.080689379192129
2.741026726106025
1.2505505395554306
2.1333733970597017
1.7783654064704917
1.4345630047135447
1.2356705549741434
1.3759844960366863
1.4536489390823488
2.9247592836795784
3.6429422226248906
2.0870621027796217
3.483784169082829
1.758886556094886
1.489546910976623
1.6937198318160145
2.625491169951852
1.620113868342458
1.3843154570943492
1.227123648875224
1.239005704238336
2.369102830470614
1.268848818521355
1.2652675276686418
1.357996997108552
2.1065374432940893
1.6637401206570155
1.4408412097843626
1.7006049001683425
1.4504150108516196
1.3224101001226525
1.5797488176571866
2.5234327818438724
1.2574942383428558
1.6383864070797192
1.2238832850229835
1.4122259105652715
1.8453389334689978
Case #6: 
60.70525329109712
60.70525329109712
72.23369535658574
60.70525329109712
62.12502264126649
60.70525329109712
60.70525329109712
60.70525329109712
70.10721859728507
83.36755026687543
60.70525329109712
75.88182773191006
60.70525329109712
117.89952024923595
60.70525329109712
60.70525329109712
89.93022547811972
60.70525329109712
60.70525329109712
60.70525329109712
60.70525329109712
60.70525329109712
60.70525329109712
60.70525329109712
60.70525329109712
111.93679051331844
60.75660577441942
60.70525329109712
60.70525329109712
60.70525329109712
60.70525329109712
60.70525329109712
84.02659254050621
60.70525329109712
72.6611174026098
60.70525329109712
60.70525329109712
67.19994410198305
60.70525329109712
64.10222061849113
103.2187955775451
60.70525329109712
62.87974413292584
69.1584980278083
71.91803312363383
93.62007910604787
88.5327784689723
122.79368117127697
60.70525329109712
60.70525329109712
60.70525329109712
65.47763344782484
60.70525329109712
87.76291360437509
60.70525329109712
60.70525329109712
60.70525329109712
60.70525329109712
81.17740061353511
60.70525329109712
119.30592608919308
60.70525329109712
64.93230160304803
60.70525329109712
60.70525329109712
60.70525329109712
60.70525329109712
75.03665770808291
60.70525329109712
60.70525329109712
60.70525329109712
85.2185186351379
121.26189129727335
60.70525329109712
60.70525329109712
65.79548790540626
74.21911330773064
60.70525329109712
60.70525329109712
87.19851602281543
60.70525329109712
60.70525329109712
90.54972918911022
73.87682502702468
108.91091160515857
60.70525329109712
60.70525329109712
60.70525329109712
66.61082865244649
61.396840585638486
60.70525329109712
66.03694004858487
104.1585915569232
114.80218090585535
71.50351651186966
60.70525329109712
98.06886714295572
60.70525329109712
60.70525329109712
81.78547952817868
113.13829316944359
60.70525329109712
60.70525329109712
75.51613004806256
106.45527753310158
63.374589548583806
67.54368007407295
60.70525329109712
82.88332032227466
60.70525329109712
60.70525329109712
61.658661989136604
95.27720030500049
77.26964032164408
60.70525329109712
60.70525329109712
60.70525329109712
60.70525329109712
110.39276083075202
102.00441453581959
60.70525329109712
63.09039713213753
60.70525329109712
60.70525329109712
64.62673613508714
60.70525329109712
60.70525329109712
133.3880804270007
60.70525329109712
60.70525329109712
60.70525329109712
92.04652032946116
61.92386175919921
60.70525329109712
60.70525329109712
60.70525329109712
126.6063630753651
60.70525329109712
84.53126129749978
60.70525329109712
60.70525329109712
60.70525329109712
60.70525329109712
60.70525329109712
60.70525329109712
78.1934775494189
101.12124280845464
92.93587934647691
116.09942186581188
60.70525329109712
66.3630503777934
80.7301388042614
60.70525329109712
60.70525329109712
82.2506139679143
124.92938356204671
60.70525329109712
62.39631224024076
97.28325608702465
130.79777403422312
99.14657936053581
70.79504239824293
60.70525329109712
60.70525329109712
60.70525329109712
60.70525329109712
60.70525329109712
60.70525329109712
60.70525329109712
60.70525329109712
60.70525329109712
60.70525329109712
61.20264872149175
63.59027226921368
80.14513009070681
60.70525329109712
60.70525329109712
60.70525329109712
60.70525329109712
63.88130478408712
60.70525329109712
89.12366007808637
91.39600673414762
69.8185122838796
68.1581251657472
60.70525329109712
128.95112455253923
60.70525329109712
67.80497188176031
76.75621509878786
70.49779108231714
78.59968016615731
76.37779266982488
60.70525329109712
60.70525329109712
60.70525329109712
60.70525329109712
60.70525329109712
60.70525329109712
62.602128012696674
60.70525329109712
60.70525329109712
60.70525329109712
60.70525329109712
60.70525329109712
68.7896500750426
96.26455517652037
60.70525329109712
79.15126363622547
60.70525329109712
60.70525329109712
64.40037209060151
60.70525329109712
77.66154295555354
99.97859321436562
60.70525329109712
60.70525329109712
60.70525329109712
72.98671029879016
65.24224275141414
60.70525329109712
60.9465695702388
60.70525329109712
107.83787152919754
60.70525329109712
60.70525329109712
71.19729019460033
74.68298728185485
86.46265041025741
73.42772162494424
85.74510563580797
60.70525329109712
60.70525329109712
60.70525329109712
60.70525329109712
60.70525329109712
60.70525329109712
60.70525329109712
105.45253671676183
60.70525329109712
79.71462493527413
66.94555854247713
60.70525329109712
68.42664147214808
60.70525329109712
60.70525329109712
60.70525329109712
94.55630318684106
69.4390610379488
60.70525329109712
Case #7: 
79.58468818028916
64.05458975792604
84.19310515301181
81.33358093626398
95.42594035032153
65.84745465383962
75.07922434421397
67.99878898450272
71.3448109625504
72.4684204165646
59.25069280772314
68.10457427239982
78.29441543157796
63.95453826315665
58.75874161723054
60.005318103941896
58.33412950569539
65.78882272119291
60.60306685724036
64.28304088470448
65.38643886399447
67.92876132883637
63.37252826842396
67.94546376699203
59.109731523869165
59.40979574942547
80.54414613815322
66.11497678115224
59.937319441443435
63.001042061351725
66.51239133554088
60.423485665247654
68.57359036333965
68.64732203719981
62.02036256735546
62.40183567123629
62.61986533675477
64.25742590491821
70.47154110716473
61.200305277808596
74.27402498288723
80.81483474579959
60.282120092113246
79.2594681482234
83.18674639870639
74.44287802306732
71.71352045147444
82.45239390262707
65.07979370223562
69.36991875024884
62.20937198693551
59.73611989628615
60.387954941895785
68.03395110578316
71.3965457746908
65.26821519057411
72.43828036174703
77.72157400624494
72.08800613328303
64.85204804470881
75.25764746915898
88.75532624303703
76.83327011860685
71.52845299339883
58.68414031490285
87.04504405568699
65.93595521159376
62.48851158080118
74.33009196594011
95.86670916395288
82.70442616902658
66.38869040884455
58.56600180846533
72.48755118910665
59.06320480335181
64.70100772961314
59.03231325000319
64.71508474917441
64.44374147967808
75.31760165379113
73.64684598472134
60.76749534908277
64.13022249305249
64.10495457227569
71.17046713225604
62.97824179619664
73.24818395865597
81.24600328446414
69.970455573111
68.21126343733624
63.85537972937263
62.73057629788481
71.76627961671224
61.219548287873764
61.69255964908285
59.522758342261994
80.31172066446258
68.58647290393962
62.358762058233765
59.18778571405894
68.14003626190744
67.16891867793939
65.55718991511095
75.43823947880516
64.97028212046612
59.90349656763354
58.44934174064374
72.66089995987335
80.0657827177591
67.31574026884975
82.79982563083904
63.208436972024145
60.229624049435614
64.30871448104116
68.68434950279044
65.21816793734735
69.48782470691347
61.59220758350291
67.58443620035752
76.7670062341039
65.96560401177634
58.50748890360299
65.49999357027502
60.63937405528065
72.00254101391616
84.08985366792487
61.67241121799555
94.99119576427738
91.71464589249878
62.66401215723482
67.51670887891711
70.21861849754686
79.11739541542916
61.91681212706972
69.44840311529985
67.85912604185376
72.63641650141682
68.28289809053105
64.78112410222899
63.09272746939868
58.98616394313505
80.98597358414455
68.42452114804766
83.18674639870639
70.34447535925806
60.21218718229289
58.17802226553619
63.61130403182197
76.18320306673387
83.98719834207627
63.53912360731242
75.99347886584717
65.33007596682423
67.78800013986962
60.58496257077397
60.317272904319765
70.8164429232354
62.842444289181344
81.15887876729266
66.17525861809847
86.71470114080653
90.19859691395374
67.32209771080107
69.92487171764468
74.46516939156162
70.26043764996261
69.41384266411173
79.9038424797328
60.512871868232295
62.686154190861416
58.14992131498485
58.909745324852295
76.05645625922806
65.73048268348471
67.47632952281532
68.61040249867243
63.26359346468169
82.32800655798096
79.04080896528556
74.728713445597
66.63738522405109
87.71721653996654
59.23492710558928
70.62413782993112
59.29814663309257
62.42343833833671
62.64191592514358
71.67290293755974
90.94714582290823
69.92954737430878
58.66929108113188
70.42905034244097
67.11802202979646
69.72690473222652
71.90003187296466
63.58719115695375
62.932785378306306
63.13643033416892
66.32731785995097
61.12369457916368
61.89622468152496
74.38637584471303
70.7728394485578
76.86436724764573
75.8061088713078
65.8768808436339
68.26371124031031
60.19478107045183
58.78874904524162
73.72498440416157
96.31364263181693
64.91591651083023
65.40872819538636
59.50653943516042
66.12516498984272
85.74579138792025
62.79755696003414
94.13923957931372
63.39617281640746
97.22658856408324
59.17212358460527
60.35255093895651
59.852980925635464
64.00445155351848
72.88809806121094
69.09892829146021
59.83620035503742
71.12570146027991
74.67109825940754
85.1176086322335
81.34560016784353
68.8711243249369
60.65757716628045
Case #8: 
80.90780416624537
95.1934546827301
88.60636710093777
77.68727238429088
86.98702051567471
78.87480370962665
92.39169333253827
111.66019881766289
77.0430022991813
99.01520466138591
91.31280980903416
80.030098737082
97.68000246132848
81.7208429271346
115.84366933583743
78.6127071584576
82.99299234953267
79.49333163635694
87.80933883026611
84.21712599596555
87.99493195923894
77.36014439581771
82.70683305182853
84.02282796278284
89.95958023842755
76.92470633111468
78.66462040834287
91.4076864512542
89.70364176450008
92.7520920359027
91.49519893727447
119.06856252027723
81.01439223844486
82.96769531736048
87.7358064028949
99.6601003070955
80.67674133022226
96.51117585099126
83.40507620020017
78.12341877184252
88.76356963510479
99.64453276882887
77.97602688753722
82.28013952187233
77.62416767919188
78.50962540533696
85.11569313290832
89.20529297588702
86.34400057563656
79.0891370475378
83.51030842918149
124.18110713156432
94.87334494707429
97.60888470714552
78.68198049199219
96.64440069224796
93.01492034415038
95.23655557338247
78.6472882086486
84.35778654097271
80.97163833081171
79.25269488444857
84.99609887792872
78.45845289726898
97.05078186955967
96.05338670552256
79.41872795640961
92.493781840942
85.05597285622284
81.789320941546
85.82590634000098
76.9100147235565
83.32674158181925
81.38433988715617
105.48225599177297
79.30776109715468
84.87761885113582
90.84858165503958
83.35279738033132
77.70310808118359
82.94245104618065
80.06944570614488
80.51158597648555
89.04303953987491
126.41878456506805
94.11423578335436
82.52119374162007
76.83687106629498
88.45093529777017
90.22021591193845
83.24890622115778
88.58984543549963
76.89534414232644
83.64313062058102
79.28937499231137
92.5450887921875
77.8950206615657
93.66497150672896
89.00276953261292
87.84625514459073
91.03182798821567
93.55468325082438
84.38610939214973
80.73929690907298
83.80443223899039
82.69286962712016
79.62511240440878
89.45225812031808
83.01834233007808
94.75412156380585
81.20877212388183
80.95032084067363
85.76257131215206
80.10893113039856
104.82091871377582
78.22282894464144
84.73105904934269
80.18832066127172
90.42504283710915
80.59386408692404
84.1891829363381
82.66819362331483
82.40005788689373
78.2728841838873
76.98368404773218
77.17773081718411
87.1967273353564
86.64469288523577
99.94282456393847
86.71245469531202
89.12393041538442
107.19196633637628
77.07279016719684
121.03677127220473
77.13262549656432
81.6981054746678
93.17484256719193
91.21854563953436
80.22822644387914
106.1562708753178
97.74601070476305
83.99531718500324
77.46805149253804
81.4954327348321
91.55116473690558
109.35767938657224
89.39157983532087
112.05827565538007
120.53558166069053
98.01271245751079
79.87407910477651
84.16130233496403
85.41967211532801
83.58982935973977
76.93941901602469
94.45999046039367
87.09146205182573
100.51556750247609
96.95878169404557
89.49384494473907
87.0217435107597
87.23200073235299
83.1938254825753
101.39344938874194
87.04903493295387
99.10177602431344
87.30282747644131
79.89346289542802
86.78056528097511
84.52869087779993
81.83519579806473
82.13781558371537
81.07882229949132
82.22829383911787
96.31338069204992
104.4948808517604
84.76023553377712
98.26024757819475
105.81765351858046
80.76022513758377
80.86544441068038
91.89149908509651
79.58730037661984
93.33647083736615
90.80175876300692
92.15582267102775
92.37923105383096
77.92734866293546
102.60055677966376
82.18506755482349
94.28614761101099
94.69484941013374
86.9178450702515
82.25630012508603
80.08917105982074
122.57870313206314
79.5496170222282
80.69755512354575
95.67115901200113
76.73534106653997
85.95351162114368
96.8463188339245
89.87375266135896
116.73822832940533
79.720210330497
78.33999181191945
93.75467988319303
92.59657224476256
96.11799078369717
81.18701206452823
97.18853164920286
93.28939324000939
86.12590136582577
86.2452794378479
83.12027551673162
81.76645051447993
94.57697687656352
84.30133231020528
122.05819673348657
87.55370515872703
95.92495656031745
78.18958892769578
86.08238137176039
80.12872602152635
81.88125031329108
77.02814062934729
99.7248647103486
82.07061719578178
83.69666370660485
78.37370430411606
82.38688278845399
87.6262513802991
81.85820052382714
79.99088940269274
79.64406690370362
80.04975496615845
79.43733163029694
Case #9: 
57.88277450516331
43.00387579432037
38.78489682304626
36.824119
40.53637196678187
40.56868474350853
47.108385665399325
65.70913465089187
36.824119
36.824119
72.01088694909944
42.0717348677897
48.8745559797961
51.1772078076244
36.824119
36.824119
49.45024786811498
36.824119
36.824119
36.824119
36.824119
41.23161564262094
51.37316464883009
42.58616820424044
48.81808622554937
36.824119
37.62365073527828
38.86998262217667
52.73971074009401
36.824119
39.48168721543753
42.927014471409166
36.824119
42.32660707718807
63.86522370131473
50.291503200020244
37.29260710213747
86.78894611575377
42.144085282142534
91.96970278036238
36.824119
84.07139822793482
44.59036418369648
37.59787228022352
62.28505897427224
52.31834811107494
46.512052945257
36.824119
69.44129504800387
45.070548373729174
36.824119
45.93780805163605
36.824119
36.824119
62.05221681729267
64.37615363336415
36.824119
68.48782240794213
36.824119
36.824119
38.70036734335845
52.81093252911366
52.81093252911366
36.824119
36.824119
95.56205415692084
36.824119
36.824119
36.824119
36.824119
44.719799475358556
46.174480447841525
47.62324670130782
64.89954561018254
36.824119
40.829999424304326
56.78710240890972
36.824119
46.85713915041872
37.21744557373003
36.824119
38.28585663377298
36.824119
90.49809258710795
36.824119
36.824119
36.824119
37.67536711808932
58.262337749184084
70.43573175379316
45.159532761195464
39.01304524277802
47.2610874780764
36.824119
49.98614820234239
37.88438601528624
39.36294503008435
94.31824338102763
45.29400313156155
40.091950388841255
47.94038614370996
68.95961551102624
41.26562110460129
45.11497475058101
53.0263417136364
42.36339683387474
45.890908796885704
37.093179966133945
36.824119
48.64984418731001
36.824119
68.33269690319085
39.541462703436665
40.76419760970753
63.61427882628424
36.824119
41.99975579904587
36.824119
99.13569344230015
67.72257132350092
44.982087938357395
39.541462703436665
87.42946363275432
36.824119
43.634002787527905
43.27617804528141
64.24727231563999
51.24227739246581
59.24490850422059
54.14437769855367
36.824119
38.53295328947203
62.52054207872947
50.10762140261437
53.91511324869604
36.824119
47.94038614370996
68.02558210429223
38.95563086988309
45.612498287201944
37.572146740242495
65.16607463972812
41.1638561627454
89.09493640105308
36.824119
49.567846721150076
46.90706685680466
36.824119
59.1444081629798
83.78495310822188
58.35840102587656
37.75334312517332
66.8372708839969
36.824119
63.739380773720434
36.824119
97.29968837462003
43.67431134373332
42.85056380615474
36.824119
44.76319570049024
36.824119
55.50118998320882
36.824119
36.824119
40.633542794100535
39.04184779025451
36.824119
65.57209772456575
36.824119
36.824119
38.92701857746618
36.824119
73.69667563737187
36.824119
50.16869104307596
41.33388520602879
63.36626899772945
39.42218200118989
53.0263417136364
40.18595274622795
36.824119
49.10241062281935
74.88861293832386
50.229984518644606
41.680361385819644
80.30909039454998
98.66696413349686
40.3441035059296
39.07071422509667
40.995908272826526
44.80671850678538
53.53939359636665
42.437265062307986
36.824119
55.75138444442325
49.50894254499878
49.74582879010448
101.58385698525136
36.824119
36.824119
41.92814491012893
59.75520999132432
97.7491119595922
36.824119
36.824119
36.82411938832158
36.824119
44.80671850678538
41.75070803736892
38.47762956633993
36.824119
40.37595831034445
39.96763396432021
81.33217737724152
64.37615363336415
55.75138444442325
36.824119
36.824119
39.27458813969411
93.91430900505759
71.12292589759855
38.04345341614095
43.95963419095121
81.85860473298558
39.844466848755026
70.94924327962363
50.72855737812614
46.4148489666066
57.32708700482346
59.75520999132432
37.167589629615506
59.85886177779639
38.12374218659364
49.04514831689852
82.94287190590885
43.91853120469275
79.56661753378026
43.39447305787689
54.69091014212429
76.57171326754596
51.70482183545621
36.824119
83.78495310822188
36.824119
36.824119
Case #10: 
100051.75003422832
100066.90807294747
100100.80833277044
100062.15711159437
100132.23120432223
100088.30547317544
100139.42134915624
100066.75691888072
100054.52380011322
100060.07643027925
100047.98472672209
100048.2106775606
100083.21010802915
100061.85518666697
100080.57213810364
100079.15491569767
100127.0053206875
100081.51460684412
100057.79578409407
100109.94499860787
100052.2855252595
100045.81315314682
100080.83807748718
100058.04197232664
100051.29897413966
100046.69245571517
100113.09983045707
100135.36055707122
100092.40516228214
100075.97019755004
100086.77870508375
100074.56775291501
100047.11158374508
100138.02800139159
100045.3560758231
100070.60543969194
100073.74231775524
100057.60106758575
100053.02599250615
100050.89288053635
100073.1408946778
100072.94366188343
100064.46954994138
100048.32485242527
100045.21454347469
100045.02787088761
100082.6332529805
100070.87422487463
100073.64105140536
100061.55760957187
100136.67504211294
100065.44100801589
100082.06821874944
100112.73582543361
100072.36138689761
100046.05931816666
100055.06601944329
100049.14737380268
100080.17809919761
100058.49313277367
100056.51831578926
100055.15087799983
100067.60117686045
100062.27912279475
100058.04197232664
100091.61727646044
100050.7928505288
100047.6242148404
100068.39709088115
100047.46053360058
100051.4365075304
100069.39027387738
100062.34039785391
100107.98277178775
100051.57514963023
100112.3753128429
100054.89746766278
100059.85789199382
100047.92873199382
100045.52288246552
100077.10445434666
100047.70669087415
100050.14068079536
100057.26498621727
100057.74692036425
100107.35167709627
100053.87787930266
100045.96037856665
100045.71578243193
100053.68067661388
100074.25498192076
100090.47232101829
100054.27887464056
100053.60239791617
100065.65493914901
100079.7897787931
100084.86090083874
100048.49764075429
100050.46361529824
100050.49625193568
100049.82384851905
100121.66426868041
100054.77206187414
100063.21764872599
100052.61488583747
100082.20839122408
100048.93782491788
100058.44248500814
100104.35418157876
100059.74951131211
100088.83257234274
100061.7953267805
100105.22694932512
100127.52652103783
100091.61727646044
100075.31317708704
100055.02373638932
100069.90333952755
100066.53209274934
100115.75059385262
100056.33615595155
100047.29852277643
100066.45765301929
100046.18389262108
100068.8883229181
100060.80352471865
100074.88450386452
100049.48215474313
100063.54002632029
100056.38153117923
100047.87293216876
100081.65196006143
100046.10902730894
100067.0602564567
100049.17752890683
100123.0537380739
100045.78875236282
100083.06476354208
100087.44743134803
100062.96324256572
100113.8385462968
100050.66038727031
100063.47515709553
100089.3692167361
100088.1318459187
100045.74006710795
100049.29870493968
100045.14427052582
100052.35818344042
100045.07432300854
100074.35880185619
100053.71994441556
100073.84400238616
100126.490462323
100070.07690271162
100044.84348299717
100097.36666120503
100079.02974979178
100081.10666459864
100108.62512836495
100093.21371728757
100048.41101610175
100102.39930852546
100050.04499917984
100100.04015032896
100055.66837791771
100046.87444780512
100122.12218026792
100056.47261065533
100056.65609814029
100052.65186576954
100124.98267999958
100053.44685947178
100048.61386450444
100087.787639421
100068.80571693914
100067.9956468696
100075.74928655918
100051.89122613634
100046.18389262108
100063.86737589957
100090.66017016165
100049.94986150098
100084.55345222798
100059.42785951367
100064.0662257474
100097.83682830489
100094.68122502923
100048.70158090488
100044.91236368226
100100.55030975354
100057.99248363664
100048.15389174933
100120.76369456477
100057.94312100124
100049.63659889788
100097.60089579874
100048.2106775606
100057.12273669058
100071.1460980742
100052.46773919518
100065.58339628654
100053.10177658474
100062.5873152129
100085.32842138129
100046.79619192697
100059.85789199382
100058.29132552528
100056.7022494124
100131.36403955174
100047.1914296014
100048.76032209302
100057.50444259218
100082.20839122408
100049.60559475113
100055.75604844544
100050.01322643785
100060.4646871498
100050.23691155229
100095.11340019925
100047.65165946851
100045.98505389805
100046.46154020887
100073.43976213106
100046.23400516335
100054.1576397695
100073.94610818702
100052.17710124665
100045.45116969536
100062.21802766799
100046.2842805963
100124.00695359973
100096.4463013524
100112.01823715177
100065.72671618788
100064.811523669
100063.34601120249
100045.88658936434
100064.7426944657
100072.45746634254
100080.04803053824
100045.86207154386
100050.26911141233
100056.79489042592
100077.57257779616
100053.21606262578
100062.46349131683
100060.24191017005
100093.62603113512
100057.5526944106
Case #11: 
64.23435
64.23435
64.23435
64.23435
64.23435
64.23435
77.6497749158617
64.23435
64.23435
64.23435
64.23435
64.23435
113.72546291851498
64.23435
64.23435
95.44141929020675
68.89048671379719
87.36085461417434
64.23435
64.23435
64.23435
64.23435
64.23435
64.23435
120.33734633552845
64.23435
64.23435
64.23435
64.23435
64.23435
73.22338804618383
64.23435
64.23435
64.23435
71.43718278555885
64.23435
130.16474176980492
64.23435
97.28969583774605
129.5187589150355
64.23435
72.87826410741648
64.23435
64.23435
64.23435
64.23435
93.69463131804208
64.3623224989373
74.53211432378512
64.23435
64.23435
64.23435
64.23435
64.23435
64.23435
86.39337346101013
64.23435
65.74312255487494
64.23435
64.23435
64.23435
66.252109165761
64.23435
64.23435
64.23435
64.23435
64.23435
64.23435
64.23435
64.23435
64.23435
64.23435
64.23435
64.23435
64.23435
115.05046447103112
64.23435
84.73002989555525
64.23435
64.23435
64.23435
64.23435
120.85492870836282
67.03825266931496
92.27133899537819
64.23435
64.23435
106.2790666123861
64.23435
64.23435
75.65671939219408
64.23435
64.23435
66.68541731060672
64.23435
64.23435
64.23435
114.60366486286549
64.23435
77.10293871114604
112.86714526913053
64.23435
64.23435
64.23435
64.23435
64.23435
64.23435
64.23435
64.23435
64.23435
67.57816677993664
74.9013921302292
89.18741147828649
64.23435
64.23435
104.21519895057385
98.39529605481295
64.23435
103.22735486513655
64.23435
64.23435
73.10780251548755
94.43142875569603
64.23435
64.23435
64.23435
64.23435
64.23435
70.18012539173753
64.5996766756691
64.23435
64.23435
64.23435
65.57604954639825
66.94951900677174
64.23435
64.23435
108.47061814150413
64.23435
64.23435
65.08237088490247
64.23435
64.23435
76.43536823513949
64.23435
90.91099909305568
64.52026708612473
70.28235432486633
64.23435
64.23435
64.23435
97.5625987464321
64.23435
64.23435
64.23435
79.9595652531434
64.23435
79.51077088399506
64.23435
64.23435
64.23435
124.67521107614272
64.23435
64.23435
64.23435
65.3278112438673
64.23435
64.23435
64.23435
64.23435
65.00117014101166
64.23435
83.15920310599715
118.33158342709538
64.23435
64.23435
74.0481344369474
64.23435
64.23435
68.22486253655529
110.00928532238937
64.23435
79.65952830288542
64.23435
64.23435
64.23435
64.23435
64.23435
119.82635741857206
64.23435
106.99475864909641
64.23435
64.23435
81.67262284777348
64.23435
92.97481554986068
64.23435
117.36559515816064
64.23435
64.23435
64.23435
64.23435
66.86113676493
70.69578350446179
64.23435
64.23435
64.23435
68.13133972009354
64.23435
84.37327029039352
100.1267244383115
89.18741147828649
64.23435
64.23435
86.01528248492065
64.23435
75.150648699795
65.6594266297194
64.23435
64.23435
64.23435
64.23435
64.23435
64.23435
64.23435
96.22054584454895
64.23435
64.23435
64.23435
64.23435
64.23435
68.31877154526823
64.23435
64.23435
64.23435
64.23435
104.88973802454228
64.23435
69.67558883197971
64.23435
64.23435
83.50072077754993
64.23435
64.23435
64.23435
65.4102438460521
64.23435
64.23435
91.13354777145334
64.23435
Case #12: 
68.2734614868832
125.84804221651494
69.82336204819246
74.46948012462244
68.98622911041043
67.45247300748672
76.42310968779118
114.11456231933474
101.09827132605324
75.5496740347253
68.08956668301519
66.91689380636069
71.3835932921869
66.4001849717486
67.41151818973015
67.4955382743619
128.17875952170618
70.57589932750685
68.18417718663824
66.41585020721435
69.8331869137403
68.36228406491956
86.86203356781652
93.98994921141204
68.60912743098254
69.49159444898538
67.05311751306989
66.55218553205005
68.42213471734247
69.39538996683183
68.26360408306995
67.92784611310505
71.45349526742218
67.15790880620168
83.35807801263468
66.39640204011533
90.21548278058117
68.91161931975863
70.182265610304
71.34996646665842
68.71839574535613
67.60784446613917
67.15675684415501
69.13084230997977
68.41055503802053
67.11816033417655
76.04508704155641
66.55849435326928
69.36990430301775
71.43061038171092
85.76478488493882
105.81765351858047
101.39344938874189
67.63570115063281
118.11979391399956
68.29393957989961
66.7440119922425
67.24722503345131
71.23317647715884
67.79350811534619
89.59543775077735
81.91384414490273
66.70272362126398
71.33881105253072
70.55765998877821
67.38618205435529
68.17578452875117
71.2718759952148
76.29647644472709
73.21010526010137
87.23724928227412
67.32468655372166
68.51019231181155
66.66011791787548
70.44752921861792
69.562750263138
67.04474971898418
66.39529300802465
112.8673711852139
67.50224394550496
69.6873047404543
76.93602222074853
72.44118561380895
67.72280257095527
67.896770973158
70.00254100180966
69.30730701450207
67.46078194674182
69.40032766098487
68.12032651419247
69.96696926929552
68.08037074846129
94.70652844768543
66.97572388919943
69.85486168455216
67.13378901041453
100.5155675024761
88.78825519228141
69.34111860922484
70.96416301524673
93.28939324000939
79.3790416801848
66.45749405271573
68.66323249821696
67.03589881631964
82.546392875426
66.94692481162174
66.472097024098
67.06513775342917
67.6275436405921
69.5974761548363
71.45864709990944
67.95833948016822
68.67277362876216
71.35437321003103
68.54839852187104
69.40911695292836
68.76499109328662
70.326940724926
66.95885832523413
70.85689234151798
67.46879352473371
67.87256588855637
68.16647128856638
69.99295246808515
68.21958024011344
68.85107078614158
68.64303736359898
68.14446668542892
87.42668978610898
94.70652844768543
70.07094785839129
67.30127346855362
68.24272171514056
67.45902741341773
126.41878456506794
67.33715834800181
66.83413198403308
89.59543775077735
71.22372962117726
103.53472376159725
106.49815991140946
68.15888106761363
67.34111749004649
66.66500090657121
69.88967453506272
71.11332843144358
67.07917200806597
66.3577583373046
69.51598746158743
66.72522415181749
70.22683096933103
71.90655701100196
92.37923105383096
66.51627254299059
74.94381281915275
67.73256386368176
69.59125051872782
67.65097444759355
68.63039565050596
67.47603647798603
67.20333823292859
66.84995896538713
67.80283323428776
66.48567041973622
67.0303947270442
66.94130941638676
74.46948012462244
69.80810571011656
78.40160195309267
68.13511179963855
70.0755378544224
71.01911354432433
66.8959341694104
67.28735144026169
67.31522848681962
107.8995117494124
68.01760714448196
69.67747344665207
81.2956176162591
67.08487889014805
77.06587213967444
67.8471123832535
66.56337429760298
69.07878767667762
71.17409334532913
68.21033537348683
66.49182894486354
69.85486168455216
71.21414481239279
69.69030131244617
70.57007848470275
70.77084725021193
68.77863638219435
123.64001040890068
66.27906915636899
68.34381708112433
126.99736326093289
66.78276975594359
67.88061146472646
120.04056691351482
132.58913982675955
67.83220500788138
66.34804532810244
85.2315271665392
67.81043738229135
68.44176855016292
66.86561646165099
66.81146289685766
68.70048195629165
77.85902379433543
67.05938003782681
96.19027196682956
70.49535920761213
66.27543760162004
74.23566642308133
71.48264713592454
66.41105713997435
66.3255677554255
104.17186653688107
69.15502732907052
67.22871078911358
67.87256588855637
66.32908982844516
67.86172264056161
71.1028643167134
66.6698999006207
66.8768916942227
67.37917925302213
67.261993282203
Case #13: 
84.51542547285167
66.74086480133482
66.74086480133482
66.74086480133482
66.74086480133482
66.74086480133482
114.33239009500588
66.74086480133482
117.04114719613054
66.74086480133482
92.45003270420484
66.74086480133482
87.87495503274936
86.71099695241197
66.74086480133482
77.38232325341374
97.59000729485334
66.74086480133482
74.32941462471663
115.4700538379251
66.74086480133482
66.74086480133482
66.74086480133482
66.74086480133482
66.74086480133482
83.91813582966896
81.37884587711594
68.5188709827532
66.74086480133482
101.01525445522113
66.74086480133482
100.25094142341705
66.74086480133482
84.97185773241745
66.74086480133482
66.74086480133482
66.74086480133482
81.9231920519041
70.01400420140044
99.2583333970931
66.74086480133482
82.90266722896786
66.74086480133482
78.32604499879568
91.66984970282108
66.74086480133482
138.67504905630727
69.17144638660743
66.74086480133482
75.80980435789036
96.9003166223019
66.74086480133482
66.74086480133482
66.74086480133482
66.74086480133482
76.24928516630231
86.06629658238703
109.43513103291663
80.9776330178916
134.23121104280483
73.62101738323105
66.74086480133482
66.74086480133482
66.74086480133482
66.74086480133482
89.08708063747481
66.74086480133482
66.74086480133482
66.74086480133482
66.74086480133482
66.74086480133482
96.0030721474639
71.24704998790959
66.74086480133482
66.74086480133482
66.74086480133482
85.59209850218264
70.97734409876756
79.18075824648955
66.74086480133482
136.7171854049326
98.53292781642944
66.74086480133482
75.05866250408015
105.11766624552737
66.74086480133482
69.42101345006228
66.74086480133482
125.00000000000003
66.74086480133482
66.74086480133482
66.74086480133482
66.74086480133482
66.74086480133482
66.74086480133482
66.74086480133482
68.84283908215139
66.74086480133482
110.43152607484669
75.48513560963977
71.61148740394326
66.74086480133482
66.74086480133482
66.74086480133482
66.74086480133482
141.4213562373095
66.74086480133482
77.03712157713453
66.74086480133482
66.74086480133482
66.74086480133482
66.74086480133482
66.74086480133482
66.74086480133482
66.74086480133482
66.74086480133482
66.74086480133482
66.74086480133482
66.74086480133482
69.75801064151554
118.67816581938538
66.74086480133482
66.74086480133482
66.74086480133482
66.74086480133482
73.32355751067668
132.45323570650442
66.74086480133482
66.74086480133482
66.74086480133482
66.74086480133482
90.90909090909088
95.34625892455927
66.74086480133482
66.74086480133482
66.74086480133482
68.27887419989192
66.74086480133482
103.97504898200724
121.7161238900369
66.74086480133482
72.54762501100116
66.74086480133482
70.35975447302911
66.74086480133482
66.74086480133482
66.74086480133482
66.74086480133482
83.33333333333339
76.58395810674836
66.74086480133482
67.19131406833961
66.74086480133482
66.74086480133482
80.45179867091294
78.68894753646333
66.89000620906512
66.74086480133482
66.74086480133482
66.74086480133482
80.0640769025436
66.74086480133482
94.49111825230679
66.74086480133482
66.74086480133482
66.74086480133482
66.74086480133482
66.74086480133482
66.74086480133482
93.04842103984706
74.02332101976059
66.74086480133482
82.33869695926185
66.74086480133482
66.74086480133482
130.18891098082386
66.74086480133482
66.74086480133482
66.74086480133482
66.74086480133482
66.74086480133482
71.88851546895891
74.74350927519366
105.99978800063602
66.74086480133482
90.35079029052515
102.06207261596575
66.74086480133482
119.95202878081346
66.74086480133482
66.74086480133482
107.21125348377954
66.74086480133482
66.74086480133482
70.62245515464487
66.74086480133482
66.74086480133482
66.74086480133482
66.74086480133482
66.74086480133482
66.74086480133482
66.74086480133482
66.74086480133482
67.41998624632424
77.84989441615228
103.14212462587936
123.09149097933285
66.74086480133482
66.74086480133482
66.74086480133482
89.62214298964409
66.74086480133482
93.86465089278644
87.20414403938946
66.74086480133482
66.74086480133482
66.74086480133482
66.74086480133482
67.96276660305851
67.72854614785966
66.74086480133482
66.74086480133482
66.74086480133482
72.2629373529924
66.74086480133482
66.74086480133482
66.74086480133482
66.74086480133482
66.74086480133482
66.74086480133482
88.38834764831844
126.49110640673527
66.74086480133482
111.80339887498943
108.14761408717511
72.93249574894729
66.74086480133482
66.74086480133482
66.74086480133482
66.74086480133482
128.56486930664494
112.86652959662013
66.74086480133482
66.74086480133482
66.74086480133482
66.74086480133482
66.74086480133482
66.74086480133482
66.74086480133482
79.55572841757295
Case #14: 
8.818068600198044
8.734897374457658
10.686089713687718
16.23667544879901
19.024515851653838
8.74809731500987
8.754569542428088
8.722126029463363
8.779664508570951
8.765393224599825
8.766614200448375
14.061373411662846
18.710039384525473
13.626700133258254
8.718861781521579
9.874555651525297
8.749266250750951
11.931470990619818
10.573601426213301
8.7611489919539
13.746761485071175
16.44091838883562
15.577518766128561
11.699769885968413
11.110064176752656
10.156742602323524
12.39459153343008
8.720490494965828
13.284552639926392
8.814611196852908
8.793806474088669
10.95291249553425
8.784749825741217
10.983809348154736
15.318594604575967
10.62939918265028
8.744611081656553
8.751026146777871
8.782199134120358
8.731525427807805
13.395722382583923
18.558538596525118
10.86176323404651
9.763726601193731
17.10323209060803
20.665913964787524
15.944098773975474
18.865312083291926
8.76783891973216
11.410842084314915
8.789252754893388
19.88578498436606
8.738298476520095
12.623716130966535
13.509730586241112
14.540486325232031
13.567837222510832
8.188133236743756
11.17484644111308
10.036255033344755
11.240775310706942
8.790548589590909
8.783472460149266
11.737450401832863
8.770917232554138
12.306372678845598
12.2200111018227
11.81391668545962
8.787961066129174
9.698993998425637
8.737161508268102
13.807994578711131
8.764784134002083
12.177506586599296
11.341893766777591
8.292945608160188
12.439418412240276
8.415810753977631
20.462303935601845
19.527453202387438
8.77464272894087
8.813923213201882
15.757611671233443
14.837261536311393
14.76136711770525
8.729850247373154
8.717239838017342
10.385012510752379
8.25317105941017
17.342449751413028
11.852714545844009
8.388035725236447
10.46459231445227
18.125205569125992
8.770299672075573
8.718320383979224
11.207665444055781
15.850032473523957
8.727074078958246
8.79907426319908
13.229995725065347
8.80913953679848
11.588869090314825
13.018302134924866
10.083933472892067
8.772155218980032
8.719946835125295
8.780296668793602
8.795773874758037
14.329233164301774
8.740582301231088
8.715624613898287
14.193407983591385
8.7417291922898
16.545973249380868
12.767444285673918
8.769067403276136
8.763568734627663
9.807608739605675
10.437862788513492
16.137367633735824
9.989246554619168
8.306332131172187
8.72818218858619
8.742303890129197
8.759944608330704
8.762357027359293
8.486473713368147
8.757546716908928
9.13312993994937
8.74576974865302
8.800401978213296
12.093811391476306
10.281676482321842
10.358886651726563
8.752203766176201
14.46903387156427
8.226970450246137
8.71616227843755
11.625484881680265
17.852630559960872
8.443863534285944
8.782835293637326
8.240039514005318
20.072510066689524
8.722672732334676
8.201017797407019
8.725417768912934
8.747514138707297
8.801734051615401
10.231151967800953
8.778403163440943
10.206167432417292
8.810500584828567
8.791848594417349
8.279623598581615
8.732646198396242
8.794461212280954
10.891893009634916
10.601390176963209
9.742005269279293
8.803070509445647
17.465885115193657
12.816455768329163
8.786673499308156
11.274180362986172
12.718990811881511
9.897177801796122
10.83188212314334
10.743697083733544
8.773397043906906
8.730966239649838
8.77714576665072
13.932956352736939
8.738868193443757
8.808460713929307
12.530550900991969
8.725969094321043
10.772852353304092
8.755757737265322
16.65306804539853
8.77903334106036
19.18781941214533
10.518673255056164
8.793152793776146
8.726521197009857
8.758743856569492
12.67108483822302
11.516663595532755
12.966947685691643
18.410659438281378
10.108028927730032
8.72431744206004
8.72158009022434
14.126927955431135
9.677700901394056
8.75043864602509
8.797090806248717
12.916196227992181
11.07809270276398
11.97144252968753
8.775892295866885
11.376211224224864
15.152983311078003
10.546030058747167
8.78156397871776
20.26459587936189
15.489757398670292
10.13229793968095
12.052605781425349
8.729293439184149
8.80508347452137
8.746931820397613
16.873648093995676
8.723220200766477
8.81323638690477
8.714551506094734
8.785390030643407
9.829772855419359
8.792500168246804
13.122868490515192
14.992629768270266
8.79841203201185
8.80778302058649
10.922274918050526
8.815990650429143
17.72087502818927
8.457995533352488
8.804411377973416
8.806431008858361
8.771535747297913
10.332956982393764
8.81737477621909
9.942892492183006
8.805756683699911
11.014969153590195
8.333300812944662
14.686625538120296
8.756353169744873
8.811866192255364
8.743455801428828
8.740010103636804
8.360533894728762
8.736027813238149
8.772775650284633
8.733770175082608
11.481063313770917
Case #15: 
56.54592864250413
60.27487746487745
44.743737
44.743737
44.743737
64.3489452055612
44.743737
47.52002172013006
96.90031661745685
44.743737
84.89527199135702
50.73462894064734
80.8452083414021
75.4851356058655
44.743737
91.86304243033189
51.63977794685028
45.36096172043177
50.39526306537718
57.23638070035245
44.743737
55.42739954459797
62.807429298992346
44.743737
44.743737
60.52275326385412
44.743737
82.90266722482268
57.591228369211144
85.12565307161859
44.743737
44.743737
63.37242504927917
44.743737
53.09318731753525
44.743737
65.47706044389125
46.8284366526001
80.06407689854035
44.743737
44.743737
54.861478202097224
44.743737
48.322713568103154
45.182197198338365
54.25256391536468
44.743737
86.0662965780837
63.757671303145926
45.07158497552005
82.68982305533783
54.43310539246008
49.82900618097092
44.743737
79.68190728497548
106.75210253138718
70.1430623796823
70.40333437735606
44.743737
90.72184232076677
48.970210684990654
44.743737
68.04138174057516
53.77976567131549
50.2043712313703
58.47053461754509
44.743737
87.5376219021048
45.59594411548393
87.79025625683984
44.743737
73.02967433037074
80.64778385051883
44.743737
55.55555555277773
44.743737
44.743737
61.72133998175073
67.57373783656995
44.743737
44.743737
44.743737
44.743737
68.63982230202603
52.59516830119199
53.376051265693604
55.110849842723766
77.8498944122598
44.743737
44.743737
44.743737
78.02743146018562
104.97277621104699
44.743737
63.27719971366942
44.743737
83.33333332916666
66.55583256064442
96.22504486012643
95.56369650872116
82.4786098801083
62.166987212912574
81.0440898432586
73.47183583339097
44.743737
65.06000485998256
83.11716348818243
100.88665445601931
44.743737
57.51973085142911
88.30215713325445
114.89699791854036
68.88365902838486
44.743737
44.743737
89.8933149906043
46.6924698796423
61.633355133054934
44.743737
44.743737
44.743737
44.743737
48.11252243006326
44.743737
44.743737
44.743737
44.743737
88.8231183324243
48.05378528087514
62.90054636909885
87.03882797349699
50.63696835165149
60.773712543237686
46.59216674388026
44.743737
44.743737
44.743737
50.25189076044802
70.93269020964426
44.743737
44.743737
44.743737
67.22926454191997
44.743737
44.743737
48.05239402335636
78.38618016304275
52.81477329934388
44.743737
44.743737
108.14761408176774
44.743737
114.3323900892893
55.363653233058486
75.00586005798465
59.00244127356262
44.743737
44.743737
115.47005383215168
77.49842582533795
66.89000620572061
44.743737
44.743737
54.79966243237913
47.13435827119636
62.622429105383794
57.09626695113704
44.743737
82.06099398211879
48.154341231899934
44.743737
44.743737
44.743737
54.98573992007217
48.8386290481085
44.743737
44.743737
50.53986956939988
45.095769268639565
44.743737
58.32118434906435
44.743737
46.386707784718126
51.5882154996964
51.1309992539348
70.79923253693889
86.30637039610531
56.14346140162745
113.22770340879819
53.20579229518114
54.92350363536278
44.743737
44.743737
54.014612926762794
87.28715609003262
83.77078165415051
110.60025271633617
54.37272477998505
46.25121725102557
74.69136869359252
92.74777914739626
52.432250506686
44.743737
44.743737
54.13319619337004
50.49152917615828
66.33581267734915
46.28596974182737
91.57370929454731
44.743737
49.50737714635841
74.84811885276953
44.743737
44.743737
71.6114874003627
44.743737
Case #16: 
22.460536762610285
22.627836744525258
31.384456773761862
22.40369326396845
40.234313713545575
22.357898382380032
22.340986295361695
42.7213956590702
28.38830928209893
35.586628995527334
25.97113782644113
22.453326740081593
22.38797029206897
37.27289439681894
33.58950052404091
42.93236679722983
22.681324039759392
25.877547836191663
22.33521897097265
33.09185078286337
28.958031141076678
22.301318207817257
33.89908771852346
40.76960527507855
36.33590335109925
29.916711306301917
22.581314647281634
26.504680967850696
22.5750552869956
31.057526433805517
22.470417954588356
22.366156011706337
22.32240810359302
22.547112807493626
22.63584033129334
22.66526931589666
26.91404389449612
31.219707831241184
34.65609847184652
34.004201421084936
40.06051456966331
22.42597413481657
22.544427566463202
22.69025587173284
22.655846452963555
22.3644282571655
34.217395995008786
42.106667269821145
25.693363660101284
22.40770211562227
22.319527444233902
37.988370313423104
38.74669600898768
29.63313418302954
30.74060460650707
26.707009713108885
22.326105012792674
22.45140508760339
22.668188747459478
27.28823922498482
41.326846684458445
34.99642838919424
22.684410901596465
22.61134215675718
22.596044984289588
22.476769297995606
33.79494280967499
22.337386138426353
22.593027378400745
27.125968771975366
32.249204225598454
22.62170018776234
22.31827084031188
35.346985670254156
22.51073429066299
28.20574591398183
22.283974327360124
36.5963791109008
22.614094651431035
29.703271876841672
32.159498337712506
30.897846576694022
22.299936178851166
35.11211937710851
22.510006693598424
22.48458124621851
28.637334308548347
27.39805149652893
22.698164053462417
22.676377854793156
22.638248829097797
22.30807083885518
25.602734228984232
27.79310043041743
27.019383020778417
22.522929636684182
22.383410465916786
31.982309670630933
25.739040787111094
22.643961741266967
26.16140511606859
22.343119843475634
38.43795247507586
29.845054409856125
39.71956781986191
22.31306965364602
30.208588572282075
22.512584406234456
22.572344069363485
23.979128796801433
22.50594609475219
34.7684362007289
22.286658243202176
22.49785792978313
22.552346931725733
30.13481901510563
22.414802232354482
22.282261231381938
27.23382593210873
22.647647365896855
22.4580744497725
26.55483178084718
36.4654435243639
29.42566511468963
22.349503503387268
32.89889373979505
30.0615872689087
33.38775995735654
26.1134464962419
22.559577542693273
43.14649464325
22.532375933128556
22.569528951797533
22.41955060843304
25.38029096661762
22.439378722282033
22.586740383590456
22.604326132380894
22.5268982182489
22.323909850651887
30.50917894667113
22.38966955735969
22.31092128180834
26.306882076933128
22.45315935631158
22.362197188585732
22.517750129618722
22.35114154391017
31.80801785713785
22.379870985039236
22.554969285527022
22.390254439850185
22.534995730856927
42.308618870972694
27.90914728349918
22.69837147717417
22.48708971910971
22.482076052210125
28.08597575122333
28.512006204695496
27.62171277081569
22.601561918475486
22.633167641391562
22.399006983834212
26.405225904282272
40.4103947023535
22.439598009821275
31.55184173035768
37.554203251010165
22.479232777914806
22.43743779498316
40.95284037933307
22.433029550325287
29.563490998188957
22.290920484305836
22.63852821113113
22.348894766687042
32.07053689941241
26.65599341110411
22.465470956138446
25.83113067265847
22.6411032622026
22.3943324318823
38.13647368333889
41.71129074604302
32.43089132084416
32.52289403425897
26.861834254847203
31.894806607417937
27.735617224246482
37.69726740051128
35.95541220270832
31.721933753809516
22.412432540335683
26.258120437093144
34.43465148553033
29.089360754250137
29.15569917735722
22.428273437040087
39.22408603931818
25.468570506090312
28.266208461209157
22.328302821573185
32.709273176335444
33.28824331287462
27.967718485978153
38.90388406215956
22.302968207908876
22.370716384286226
22.667661005444607
22.527146872775507
30.58573911459274
22.35339106838016
28.828464356306878
22.34665073090286
36.99781392588106
22.569636565019735
36.728735344413934
22.29305538877873
26.809927280248285
22.355643345922378
36.20773398046336
22.658661293444663
38.59139800525501
22.435179237458982
22.49211653132347
26.01831522740718
22.385688969441716
22.6648461682941
39.55232679150303
22.70132532919927
28.764329762166664
27.509200234848272
22.410065836932578
22.375288025952162
25.513057126030276
30.357767694709402
27.179736850052386
22.70724590495329
22.347372220262724
29.289749075771525
22.441805438128185
22.562221804998288
35.83121351655515
22.30591811803092
Case #17: 
51.12646908305569
53.79827833975047
51.36756977130407
54.59301408326036
93.17658999489585
54.14704747902621
51.05456031864594
65.63384436948327
63.94755550505786
51.35191030126137
58.54938999499048
70.35760785058098
55.62331174000438
57.26675982763024
64.18051640592638
51.279125808852775
51.87592036431072
57.70037550426631
53.702265067949384
52.182696056147
53.424043369731
58.17779233355213
53.7367025520536
69.74843960681994
57.71358640535938
53.43151088274211
57.95064073535298
96.18305634501775
50.258741729407596
51.80825917133749
72.79284389324081
54.14372407899976
52.45751698327748
57.516976108704704
57.62677081945837
57.61545952668076
53.037068252920115
54.57061944486524
52.450858942098776
54.107144972275165
94.64402814489696
58.57071687609723
56.357634772755745
49.58058942390545
50.88447374074173
52.75093158822067
56.773953740123844
57.850500705265375
52.484281385190634
65.01639090369693
53.5891446707366
52.92074696238777
53.51619547682994
49.85980344927163
53.98443729724604
105.71042081699865
93.53704236597207
55.781258589655835
52.21966078942164
56.325249191830515
51.054634240707486
56.571503777874106
54.073544238643166
50.9021230828279
52.56397182717141
89.1526622322553
49.50614591967555
50.9370582979227
49.9493361478201
57.89676067898051
54.04774147970053
50.25909515718466
78.96582938173161
58.16996473366506
57.5862481267675
74.38123841030736
54.339393722485624
50.48265564281659
52.59547807298164
57.98881029779196
51.861476952205585
51.67163920387235
53.11650588835359
52.72486443841524
58.13271503475668
57.36294351434324
52.70617970190369
50.6943907544212
51.29321977317784
51.884490173986116
50.874173960667086
52.89475198820845
54.28249810228089
56.76462612516259
82.45641418933926
53.371247604197116
58.34858814006471
57.87550402422624
57.91269527011472
56.345699973317686
54.1143510391972
66.39853631669905
53.9377828018788
55.488018826620156
57.00171465768312
52.486246767379846
53.86463085906694
52.450858942098776
55.923405062711794
65.38475867254283
49.64159757307363
54.36738141778952
56.643416420144995
49.580235572427554
76.27419339016035
49.90386255737526
50.122797728575485
49.372826796912534
57.70319527096743
55.9852211099557
59.66901345918519
64.06371828109884
52.27613402750809
52.47294654446554
56.03418297022494
62.170886901203154
81.48056426499006
51.77762362564678
56.37893402216264
74.56421836308972
77.48177548246358
57.26914217029121
57.353255709583216
56.00099355335577
84.2519432245151
70.82510540447893
51.26331434424118
55.7603095508994
58.53918858377273
51.5328336226184
50.72216874112249
52.42197555522557
85.60874454667083
61.234368132051145
54.37071864917135
50.19257557505036
85.33214044865146
51.816671290597796
58.01234584202278
105.19095614596327
54.35591453582749
49.76142195466622
52.78991673266755
58.130660177694594
55.007774249482566
77.27652538553598
52.235278721430824
54.672185131483
49.80498231840128
57.95413043010822
60.33893516440433
54.83143842430828
56.345699973317686
64.89497830306459
52.40317220761471
53.05255475549497
53.51415988609118
56.500050078019434
58.21029558815905
76.27419339016035
51.434605062795384
56.27424400391733
54.595936242642296
55.11814791796474
53.25212619908822
77.27652538553598
54.04383508318626
53.37127635952139
49.85980344927163
57.548727117189
53.75228805598768
53.442748815498696
54.815334016938515
54.452317092841085
86.74268460990433
54.17311405591865
70.98302110867279
52.46703959537301
52.59051067525455
60.241849123778486
54.80219568203586
87.92291144044532
58.33957521903571
53.4294069490833
52.32841593574779
64.53478137702236
56.065410987855856
66.26923037837122
55.155843896208864
55.200714183751295
56.773953740123844
58.25906987983694
52.53114107266366
53.31915218684968
106.23765810671846
52.48231897948652
87.3268170321865
79.18487509900132
58.32708912865713
57.30924421558381
57.293727348228686
55.445060520118915
52.735672107648604
49.96999099459598
52.407270679134164
95.0218501188017
58.222082393759955
50.842771043702726
55.481471590913785
56.361512131987716
101.29363257381968
52.47449897012191
55.80357268859614
52.147254657856735
99.93998198919195
57.44674625225312
57.62421047166072
50.361479840105865
55.10273911121038
78.10747965706216
84.5181427605706
55.491307979473575
Case #18: 
21.293772828935758
16.182263952653322
16.893443657937084
24.25127145870947
28.340952297741474
19.309133639545145
17.693359140755096
17.05368013202638
18.38174758369751
19.677963510838314
21.609773536350602
18.423595280013597
17.330477821989255
21.02422053386531
35.42619037217683
21.191480294229155
19.54374629795803
32.882269713912116
33.66841105882199
29.826680350979288
21.057355653769484
20.732877759333995
19.870484859190675
16.037042280443075
19.552847590548794
15.957465882504788
19.548291677538852
22.81663428290859
17.006431356882132
16.58528784779237
17.404664112871014
19.543824500004
21.46760243013552
24.72119984424564
19.360556190357762
18.911988200872045
31.135042459671027
16.76673349224589
16.683523383124065
16.971629895548496
16.089166596438602
29.09909078197031
17.547895782512775
18.894919426997724
17.79198657436571
19.00897339176265
25.39248570493305
19.005346562898715
15.92861817557389
17.052909745839262
18.214479693475575
17.975825145321494
21.977939267205873
17.073551652143387
27.057199827402684
16.044904706260088
16.667029534916733
18.69908849243089
17.80729684589412
17.51976992124033
15.943031265455259
35.58541000754951
17.52239281044047
17.031752053037234
17.050010899128722
17.415843254235035
16.41658983643257
25.334445661713254
17.51628070106262
17.077011173464797
19.650914750958812
36.24445507059647
18.909412223317098
17.914158324999548
30.21155666039332
33.53346698449179
21.86551940328677
16.97073866784467
23.524294361294885
16.254171737848605
19.468047870125258
17.056336420142095
22.608258828860023
23.11828371279094
17.789823048372785
16.133796825298123
18.870955103681712
21.502881997781753
18.351586423891934
17.42757131817511
17.598043570503357
18.355848263469824
18.27226627882734
17.44556066743329
28.83965834560327
15.875999
16.70006629584788
18.999970196054253
24.61441230465291
19.04080442205268
18.419491127261253
15.951137189946177
19.015713141375187
17.949698661907814
16.05961805617094
19.490931779204956
34.2249514243629
17.870650403929325
26.577059288077944
16.538212509640545
23.855305727154963
36.415018154187585
17.53730414465515
19.98306641088444
16.986791434977274
19.47242023141237
17.752766221639355
17.792405275566423
16.99566480922572
17.118960777212845
16.658636838312116
31.028232393732182
19.0366606133602
18.919122200023434
24.15043413439328
28.925363314177112
17.148238500849242
18.745777924642127
30.817869070622876
16.9542676097804
20.545246047081925
16.974282893883196
22.944459564764237
19.51669295934799
17.094678020717932
16.994545645465156
36.5880120882705
24.775117465207853
17.732897422776436
16.30067645621055
24.353382526998775
22.48594093135409
16.7835254178287
15.875999
18.629703880273215
16.504737163530034
18.415394758120964
16.422932717999235
17.11191280591188
17.532772123587215
25.871631457751448
17.47100062869517
24.200695237947194
17.385002054507748
23.296119285090683
15.875999
24.884019605322244
18.14343553264928
16.18037031504498
17.130329108494802
16.928633798152983
17.572819983159604
17.800179482605138
16.189860723911664
17.032463085851546
16.936958501020953
18.880512470813827
17.63454448779541
17.3490230149059
21.225413831247018
34.08323259025841
17.79503806796126
16.04557684929776
17.44214634634003
17.79809482622444
16.362656438191376
17.467347953003397
21.791524201556598
18.98660510622389
16.254353725918968
16.56908336141441
18.250603833417685
36.76349516739502
20.422951829359356
16.011357704067002
16.960139002877497
18.936095270187906
29.27598658019747
28.670509330375655
18.976662004772905
18.3815860297932
18.35969388939343
21.36279658476572
22.286416658834277
16.16375747659194
18.416354679333537
18.186075862981482
28.422275140071587
17.04634750820554
15.926114802051963
16.92516011839562
16.73330029149714
16.990665516777433
17.847706714236217
31.68614794241439
16.419757634574616
19.258118666283153
17.057355222562197
16.43570649044539
22.445607372547993
25.688790781797927
18.984587270893037
15.875999
19.570432850651336
26.058432666671997
16.749991867010273
17.049488494885864
17.413287433239525
19.01433584293492
22.52649270628274
Case #19: 
63.575581571946614
59.734136625722904
62.11282522379636
66.98006302222728
62.13155770646172
65.3864179014598
59.54882648563462
56.238893794874286
113.0927609407118
119.56034139016722
72.6829743485015
66.39103421903842
70.30338308999295
57.43493020534028
54.752181220732105
62.02512202330019
65.68088568196822
54.82976228817082
105.90477848592974
94.5787195678395
54.72663372051075
64.02454947274157
65.25510330353859
71.90559398335633
58.230833233517856
59.83557912494835
66.2791621043532
60.101958367245466
55.05727265251588
64.00001318464535
84.13052947248335
86.47088953766985
66.26066567924202
58.900088432468586
102.78924807726659
61.375212362197495
118.97853578961534
66.79509489320665
76.21674047795317
108.43672429489216
65.86412483624822
55.638674970218446
61.40987324443232
68.03493205932863
65.4863732190147
61.85438777252285
60.08694599443007
104.31213470286501
60.02715078031668
64.82201021311484
61.06591285687522
61.34068083970438
60.075383209945336
113.59206915635106
59.87941781569463
60.67602867585838
110.69136719468494
62.24473374428216
96.36901191422918
61.6740361191014
64.16148993546622
115.13063227955847
61.836195927761
68.47105788466877
73.35041695286178
65.3783766925759
64.80743238080368
55.229776279341465
65.53884760388681
59.41720334031638
64.09882229787893
57.63084298642299
80.14460701981909
80.50001722014997
75.91489081485153
66.04194878401536
94.8701801033365
93.72019602718242
66.11419725828675
81.04211100320535
58.754755365922996
56.48447965216191
60.19257217213091
66.75574703126748
78.27061636217185
60.805135030008884
57.370068603389
117.83995901625383
63.72549491550327
60.26043270610883
65.19026809985773
65.43623608010444
63.52358616080467
65.4029887301272
54.764984649345934
56.60848524521957
63.70464449812823
60.2841224611724
98.59198323731331
69.48383188467287
66.8942896986114
69.94861186143928
82.1599860310944
56.79603457817552
61.943456257767
66.4707015385749
60.75650388011981
58.89572991080691
73.62259012156647
58.65212816482046
54.93325494114062
82.54301834540637
82.3508341071269
67.18711162433651
62.03826280485701
108.0021064164954
54.38307653850694
59.13154205419841
91.54035834399562
60.37662547837637
63.37732719794059
64.26875391908274
65.55052240162853
66.54647248034016
69.83154297292832
58.92641554274853
62.605971961697215
62.43835192338993
59.707045076647695
92.88463525401922
61.22082769225823
103.92507535435038
58.71067163698772
81.22525725034434
70.66360773565967
59.52066588071525
55.93636931002924
54.66310883986494
67.05550288891399
63.951267540423835
63.29021055580241
88.53821463378193
66.81483917601963
65.93478081150799
83.52453937896875
70.42284516950949
61.00230718571977
59.98256935747899
56.42278167672822
59.47859646462244
115.65754868132248
93.43917531652522
90.25280675621285
60.5487442999233
66.44755209676146
60.62808583286386
89.75278735880033
60.40767439939719
63.613126122273385
56.11729604439948
97.30314372065314
61.53221679545384
65.20642617601422
57.30542625203942
61.7637785849091
61.3579304813171
62.20685878996711
67.50131651030964
65.58572120135247
56.85896649175025
71.6519579408725
60.61216142706435
63.92705653319804
68.25194993762112
64.03685884889296
58.02875917157864
64.14889941535641
54.688460096535046
60.299473024595216
79.7938630740452
66.49800871829903
66.15056607175846
66.29770080948875
109.77275075474998
59.85356565298279
54.54930130681073
63.890940003320736
64.45159569370169
54.77332402072962
72.81500529174164
66.27018614495321
83.12774597395806
118.40514191829806
60.708132764444315
63.737146501433735
65.60933364711109
65.70497802884894
59.492596820385636
107.57267288114417
64.84599739428353
74.59961509120356
82.93145822429236
65.65584494514755
70.54291830899462
60.392136436816195
66.6002046738493
66.54262614845773
63.902952316595076
92.07103153367196
111.15940888987204
60.22463905044364
60.485772031490036
65.74134672806748
65.7246658559419
82.73655441025298
60.532959730996794
60.00117023138633
65.58241170522587
67.60703516006893
60.936107251940754
56.73331116359232
60.692066444629546
61.203832396663465
63.67913821572722
78.93676127886539
66.77491686497376
67.71325209148524
60.85402855250696
66.97450679542274
64.18675724445083
57.828774340661234
64.85891295789739
61.11932430350108
68.91567981548152
65.8465581788647
54.6000701631121
59.20257095914903
66.50446386811524
59.34540004720911
58.36672801164244
57.17679438106921
Case #20: 
35.06915871630686
34.707760169429314
35.02631494372312
35.120433235142656
36.25162548163438
34.348509371829714
33.30164979873665
33.37288335563697
36.35963459359809
34.18787955934157
34.63432617624532
35.01700979316744
34.303705570056195
34.81680541343553
37.208341596476004
40.76430121655615
34.59810501428329
31.966366884396155
54.208268773221576
34.11874091955957
33.959217616350415
40.82957636039384
41.43151904404459
36.19569478414249
34.22033778000966
64.50556214157041
34.836728109049304
31.367271530188656
55.80767570026429
31.356265625084422
70.38133839510098
35.00101761681939
35.157904994991675
36.10486479207665
34.89534556350966
48.294729651460145
33.02120986016308
34.86744205361698
34.264966195111654
37.12613561659669
39.22778809940216
49.2998143823163
31.8666425859544
43.17676194485884
65.29384673391112
33.907257508687564
34.11101754828649
38.60463559468321
35.013921704663794
33.23087044178156
34.67125885759438
34.88835026910316
31.935011931402556
34.48173279815184
36.996477193603745
33.942112739475725
34.68558943173519
49.531814790244596
36.19680302677449
35.57388197585578
35.70442877044148
38.277009000549796
36.152733704450824
31.7180806639652
35.521645854820655
35.10530898740545
35.666549726838795
37.29205960557381
34.31613499266037
46.456196447640245
36.48632080480419
34.678484320305635
36.27014131490676
48.622896935123435
37.64602607207132
39.82128304734273
58.30508803008601
36.181348199307386
34.47194118529155
34.080252972560956
56.83805825183079
47.76224667972328
41.50005758393834
60.30928116306474
37.12999150513888
33.70913507995184
42.42318290452599
39.2859464532043
37.156897465479496
34.99367205068128
43.332354384017655
47.86733425820561
67.54601702387399
34.826834659033544
34.874398554802674
32.128101702017034
34.010597761677836
34.419150937547336
53.023245458184846
41.707732229877905
37.162917155685534
35.34122790303007
33.96482362049774
56.315798556649895
35.86216230523944
35.22369891290594
34.42251446798869
34.20456164696908
51.77871947742287
31.752306160329706
34.700356415082524
42.27714741813162
57.55755598490449
34.403085112296765
34.84271037909471
45.251743056000606
32.124538888667715
36.20445894873383
36.014715176257226
34.42838885241057
35.49156028216562
34.90102913468917
31.855701300349654
41.29545457462105
32.714029138416066
48.40337934930198
34.909253161986385
33.980029211865165
34.06494752853154
35.1824636109874
35.29047970738861
42.64510167888919
41.160721900393874
34.67087620578208
45.79587174133043
37.13990403747749
35.643117106930674
37.04525305815147
36.22192170851215
68.76316028752076
36.851297521006266
36.80328278071808
34.627055794662155
39.6404133021765
31.505510950133903
34.42217936106939
58.496566667131034
33.987651621528684
35.326198915035256
34.463611025966216
36.25778383207815
35.09024182653016
31.843291890821867
31.840969796467757
33.84859391695825
31.84737363623666
35.107179947786406
31.92497198052415
72.11941093769416
33.92945346928823
35.50009741486326
52.18377430316402
52.59848631629961
31.938041773524777
47.5541313251221
36.510780707139745
31.85378703173878
37.11771533617448
36.504642188866384
34.83075686514478
35.28207729466695
61.392119555186085
34.35663806232294
34.75831139040279
37.22564621915961
37.594841784536726
34.971716851673776
63.01102190026781
60.735500467364865
34.49370442530475
44.386429104359856
34.4387083720661
36.379430456033035
68.14643787200367
34.38929443221784
36.198662822522415
34.82348672296479
38.38528929890859
34.678226119724656
34.36478087252204
31.38594501234879
37.064370154361754
36.21608834668923
37.173967811761884
35.31857330059432
50.49368740394247
31.362660287331558
37.85287392606815
40.253129883532786
65.02788291262112
35.512990962649475
36.56674696537272
34.46385590621246
37.543865704433266
34.381580143760374
51.51386495549583
49.41540613392023
34.01933517425625
35.53471807721899
36.15019420703063
45.88848229444344
35.16607609578824
43.971980914853134
36.05970546884708
31.656907838145415
32.156455974422784
