Case #1: 3
1 2 1 3
Case #2: 3
1 3 2 3 1 1 2 3
Case #3: 4
1 3 4 2 3 4 1 2
Case #4: 3
2 2 1 2 1 3 2
Case #5: 3
1 3 2 3 2 3
Case #6: 3
1 2 1 3 2
Case #7: 3
2 1 3 2 1 1 3
Case #8: 3
3 3 1 2 1 3 2 2
Case #9: 5
1 2 1 4 5 3 4 5
Case #10: 3
2 2 1 3 2 1 3 2
Case #11: 4
1 3 4 4 2 3 4
Case #12: 4
1 2 1 4 4 4 3 4
Case #13: 3
3 1 3 2 3 2 3 3
Case #14: 4
2 3 1 3 4 2 3 4
Case #15: 4
1 2 1 4 3 4 3
Case #16: 4
1 3 4 2 3 4
Case #17: 3
2 1 2 1 3 2
Case #18: 3
1 3 2 3
Case #19: 3
1 2 1 3
Case #20: 3
1 3 2 3
Case #21: 3
1 3 2 3
Case #22: 3
1 3 2 3 1 2
Case #23: 3
2 1 2 1 3 2 2
Case #24: 3
1 2 3 1 2
Case #25: 4
1 2 3 1 2 4
Case #26: 3
2 1 2 1 3 1
Case #27: 3
3 3 1 2 3 2 1 2
Case #28: 3
1 3 2 3
Case #29: 3
1 3 2 3
Case #30: 3
2 1 2 1 3
Case #31: 3
3 1 2 1 3 2 3
Case #32: 3
1 2 1 3 2 1 3
Case #33: 3
1 3 2 1 3 1 2 3
Case #34: 4
1 3 4 4 2 3 4
Case #35: 3
1 2 3 1 2
Case #36: 3
1 3 3 2 3
Case #37: 3
1 3 2 3
Case #38: 4
3 1 3 4 2 3 4 2
Case #39: 3
1 2 1 3 2
Case #40: 3
1 2 1 3
Case #41: 4
1 2 3 1 2 4
Case #42: 4
1 3 4 2 3 4
Case #43: 3
1 3 2 3 2
Case #44: 4
1 3 4 4 2 3 4
Case #45: 3
1 1 1 2 1 2 1 3
Case #46: 5
1 2 1 4 5 3 4 5
Case #47: 3
1 2 1 3
Case #48: 3
1 3 2 3
Case #49: 4
1 2 1 4 3 4
Case #50: 3
1 3 2 3 2
Case #51: 4
1 2 1 4 3 1 2 4
Case #52: 3
1 2 1 3 1 2
Case #53: 4
2 3 1 2 3 1 2 4
Case #54: 3
2 1 3 2 3 1 1
Case #55: 3
1 2 1 3
Case #56: 3
1 3 3 2 3 2 2 2
Case #57: 3
1 2 3 2 1 2 3 3
Case #58: 3
1 2 1 3 1 2
Case #59: 3
2 1 3 2 3 2 1 3
Case #60: 3
1 3 2 1 3 2 3
Case #61: 3
3 1 2 1 3 1 2
Case #62: 4
1 2 3 1 2 4
Case #63: 3
3 1 2 3 1 2 1
Case #64: 3
1 2 1 3
Case #65: 3
1 2 1 3
Case #66: 3
1 3 3 2 3
Case #67: 3
1 2 1 3
Case #68: 3
2 2 1 3 2 3 2
Case #69: 3
1 2 1 3 2
Case #70: 3
1 2 1 3
Case #71: 3
2 1 2 1 3 1 3
Case #72: 4
1 2 3 1 2 4 3
Case #73: 3
1 3 3 2 3
Case #74: 3
1 3 2 3 2
Case #75: 3
1 2 1 3
Case #76: 3
1 2 1 3
Case #77: 4
3 1 2 1 4 3 4 2
Case #78: 4
3 1 2 1 4 3 4 2
Case #79: 4
1 2 3 1 2 4 2 3
Case #80: 3
2 1 2 1 3 2
Case #81: 3
1 3 2 3 2 3
Case #82: 4
1 3 4 2 3 4
Case #83: 3
1 3 2 3 1 2
Case #84: 3
1 3 2 3
Case #85: 4
1 2 1 4 3 4
Case #86: 3
1 3 2 1 3 2
Case #87: 3
2 2 1 3 2 3
Case #88: 3
1 2 1 3
Case #89: 3
1 1 2 3 1 2 1 3
Case #90: 5
1 2 3 1 2 5 4 5
Case #91: 4
1 2 3 1 2 4
Case #92: 3
2 1 3 2 3
Case #93: 3
1 2 1 3 1 2
Case #94: 3
3 1 2 1 3 2 3 3
Case #95: 3
1 3 2 1 1 1 3 2
Case #96: 3
1 2 1 3
Case #97: 3
2 1 3 2 3
Case #98: 3
1 2 1 3 2 2
Case #99: 3
1 3 2 1 1 3 2
Case #100: 3
2 2 2 1 3 2 3 2
